    6163.00    11.6271
    6164.00    11.6665
    6165.00    11.6770
    6166.00    11.6670
    6167.00    11.7400
    6168.00    11.9526
    6169.00    11.9959
    6170.00    12.0310
    6171.00    12.1095
    6172.00    12.2314
    6173.00    12.2079
    6174.00    12.4203
    6175.00    12.6006
    6176.00    12.6588
    6177.00    12.6975
    6178.00    12.6767
    6179.00    12.7219
    6180.00    12.7017
    6181.00    12.7088
    6182.00    12.7087
    6183.00    12.7511
    6184.00    12.7225
    6185.00    12.4955
    6186.00    12.5404
    6187.00    12.2505
    6188.00    12.1607
    6189.00    12.2412
    6190.00    12.2148
    6191.00    12.2788
    6192.00    12.3184
    6193.00    12.2525
    6194.00    12.2781
    6195.00    12.4136
    6196.00    12.4130
    6197.00    12.4892
    6198.00    12.5663
    6199.00    12.6820
    6200.00    12.6760
    6201.00    12.6892
    6202.00    12.7549
    6203.00    12.6804
    6204.00    12.6988
    6205.00    12.6490
    6206.00    12.8110
    6207.00    12.7623
    6208.00    12.6051
    6209.00    12.4386
    6210.00    12.3567
    6211.00    12.2991
    6212.00    12.1671
    6213.00    12.1526
    6214.00    12.0308
    6215.00    11.7365
    6216.00    11.7330
    6217.00    11.8107
    6218.00    11.8207
    6219.00    11.9636
    6220.00    11.9782
    6221.00    11.9246
    6222.00    11.9469
    6223.00    12.0540
    6224.00    11.9575
    6225.00    11.8616
    6226.00    11.7966
    6227.00    11.7605
    6228.00    11.7554
    6229.00    11.7546
    6230.00    11.7711
    6231.00    11.8226
    6232.00    11.8554
    6233.00    11.8803
    6234.00    12.0389
    6235.00    12.1090
    6236.00    12.0491
    6237.00    12.0525
    6238.00    11.9054
    6239.00    11.8140
    6240.00    11.7973
    6241.00    11.7626
    6242.00    11.7226
    6243.00    11.6591
    6244.00    11.7007
    6245.00    11.7366
    6246.00    11.6647
    6247.00    11.6308
    6248.00    11.7340
    6249.00    11.7289
    6250.00    11.6055
    6251.00    11.5829
    6252.00    11.7330
    6253.00    11.4990
    6254.00    11.3439
    6255.00    11.2823
    6256.00    11.3430
    6257.00    11.5136
    6258.00    11.4598
    6259.00    11.5049
    6260.00    11.6520
    6261.00    11.8193
    6262.00    11.9239
    6263.00    12.0039
    6264.00    12.1347
    6265.00    12.1261
    6266.00    12.2703
    6267.00    12.3681
    6268.00    12.2640
    6269.00    12.2467
    6270.00    12.2523
    6271.00    12.3470
    6272.00    12.3242
    6273.00    12.3481
    6274.00    12.3936
    6275.00    12.3997
    6276.00    12.4546
    6277.00    12.3867
    6278.00    12.4351
    6279.00    12.3636
    6280.00    12.4062
    6281.00    12.2752
    6282.00    12.4224
    6283.00    12.4593
    6284.00    12.6445
    6285.00    12.6130
    6286.00    12.5813
    6287.00    12.6213
    6288.00    12.5397
    6289.00    12.5963
    6290.00    12.6152
    6291.00    12.6694
    6292.00    12.5303
    6293.00    12.4440
    6294.00    12.4840
    6295.00    12.3348
    6296.00    12.2661
    6297.00    12.2846
    6298.00    12.1967
    6299.00    12.2176
    6300.00    12.2580
    6301.00    12.2062
    6302.00    12.2787
    6303.00    12.3779
    6304.00    12.3727
    6305.00    12.3257
    6306.00    12.4030
    6307.00    12.3913
    6308.00    12.4489
    6309.00    12.4529
    6310.00    12.5214
    6311.00    12.4750
    6312.00    12.3190
    6313.00    12.2273
    6314.00    12.1219
    6315.00    11.9703
    6316.00    12.1454
    6317.00    12.0892
    6318.00    12.1543
    6319.00    12.1640
    6320.00    12.2357
    6321.00    12.2355
    6322.00    12.3913
    6323.00    12.5393
    6324.00    12.5394
    6325.00    12.6970
    6326.00    12.7935
    6327.00    12.7056
    6328.00    12.6181
    6329.00    12.7018
    6330.00    12.7470
    6331.00    12.7300
    6332.00    12.6417
    6333.00    12.6118
    6334.00    12.5595
    6335.00    12.5429
    6336.00    12.5747
    6337.00    12.3844
    6338.00    12.4197
    6339.00    12.4164
    6340.00    12.4197
    6341.00    12.4759
    6342.00    12.5504
    6343.00    12.5553
    6344.00    12.4273
    6345.00    12.4446
    6346.00    12.5543
    6347.00    12.5763
    6348.00    12.7341
    6349.00    12.7216
    6350.00    12.6631
    6351.00    12.6585
    6352.00    12.5829
    6353.00    12.5078
    6354.00    12.4230
    6355.00    12.3584
    6356.00    12.2684
    6357.00    12.1089
    6358.00    12.1103
    6359.00    12.1351
    6360.00    12.0110
    6361.00    11.8796
    6362.00    11.8729
    6363.00    11.9966
    6364.00    12.0313
    6365.00    12.1558
    6366.00    12.3329
    6367.00    12.4410
    6368.00    12.6388
    6369.00    12.7881
    6370.00    12.8280
    6371.00    12.8637
    6372.00    12.8743
    6373.00    12.9493
    6374.00    13.0210
    6375.00    12.9261
    6376.00    12.8549
    6377.00    12.7999
    6378.00    12.7936
    6379.00    12.8293
    6380.00    12.8405
    6381.00    12.8174
    6382.00    12.8142
    6383.00    12.8369
    6384.00    12.8220
    6385.00    12.8542
    6386.00    12.8717
    6387.00    13.0015
    6388.00    13.0486
    6389.00    12.8676
    6390.00    12.7705
    6391.00    12.7748
    6392.00    12.7764
    6393.00    12.7356
    6394.00    12.8020
    6395.00    12.7488
    6396.00    12.5629
    6397.00    12.7570
    6398.00    12.8587
    6399.00    12.6926
    6400.00    12.7488
    6401.00    12.8275
    6402.00    12.7629
    6403.00    12.8312
    6404.00    12.8593
    6405.00    12.7000
    6406.00    12.6881
    6407.00    12.7059
    6408.00    12.8461
    6409.00    12.8565
    6410.00    12.8178
    6411.00    12.7613
    6412.00    12.7148
    6413.00    12.6379
    6414.00    12.7240
    6415.00    12.7062
    6416.00    12.6971
    6417.00    12.6112
    6418.00    12.5488
    6419.00    12.5914
    6420.00    12.6847
    6421.00    12.8583
    6422.00    12.7941
    6423.00    12.9039
    6424.00    12.9301
    6425.00    12.8730
    6426.00    12.9720
    6427.00    12.9153
    6428.00    12.8482
    6429.00    12.8779
    6430.00    12.8560
    6431.00    12.8741
    6432.00    12.9229
    6433.00    12.8747
    6434.00    12.8256
    6435.00    12.8219
    6436.00    12.8658
    6437.00    12.7673
    6438.00    12.8251
    6439.00    13.0391
    6440.00    13.1028
    6441.00    13.0460
    6442.00    13.0203
    6443.00    13.1849
    6444.00    13.1914
    6445.00    13.0057
    6446.00    12.9508
    6447.00    12.9772
    6448.00    12.8291
    6449.00    12.5902
    6450.00    12.6460
    6451.00    12.8356
    6452.00    12.7371
    6453.00    12.6828
    6454.00    12.8940
    6455.00    12.9710
    6456.00    12.9266
    6457.00    12.9636
    6458.00    13.0997
    6459.00    13.0903
    6460.00    13.0508
    6461.00    12.9853
    6462.00    12.9242
    6463.00    12.9235
    6464.00    13.0302
    6465.00    12.9864
    6466.00    12.9670
    6467.00    12.9218
    6468.00    13.1383
    6469.00    13.1856
    6470.00    13.0291
    6471.00    13.2128
    6472.00    13.3772
    6473.00    13.3027
    6474.00    13.2037
    6475.00    13.2762
    6476.00    13.2954
    6477.00    13.1963
    6478.00    13.0845
    6479.00    13.0876
    6480.00    13.1172
    6481.00    13.0472
    6482.00    12.9832
    6483.00    12.9350
    6484.00    12.9413
    6485.00    12.8962
    6486.00    12.8162
    6487.00    12.8106
    6488.00    12.7390
    6489.00    12.6042
    6490.00    12.5020
    6491.00    12.3263
    6492.00    12.2012
    6493.00    12.1398
    6494.00    11.9544
    6495.00    11.8874
    6496.00    11.9154
    6497.00    12.0236
    6498.00    12.1158
    6499.00    12.1776
    6500.00    12.3578
    6501.00    12.4992
    6502.00    12.5314
    6503.00    12.6464
    6504.00    12.7185
    6505.00    12.6879
    6506.00    12.7956
    6507.00    12.9495
    6508.00    12.9996
    6509.00    12.9947
    6510.00    12.9569
    6511.00    12.9416
    6512.00    13.0027
    6513.00    13.0855
    6514.00    13.0808
    6515.00    13.0884
    6516.00    13.0248
    6517.00    13.0620
    6518.00    13.1924
    6519.00    13.2179
    6520.00    13.1962
    6521.00    13.1947
    6522.00    13.1631
    6523.00    13.1315
    6524.00    13.0601
    6525.00    13.0756
    6526.00    13.1656
    6527.00    13.2580
    6528.00    13.3158
    6529.00    13.2031
    6530.00    13.2023
    6531.00    13.1780
    6532.00    13.2376
    6533.00    13.3067
    6534.00    13.3409
    6535.00    13.3908
    6536.00    13.4833
    6537.00    13.4392
    6538.00    13.3942
    6539.00    13.3806
    6540.00    13.3099
    6541.00    13.1519
    6542.00    13.2034
    6543.00    13.1682
    6544.00    13.1134
    6545.00    13.0258
    6546.00    12.9883
    6547.00    12.8749
    6548.00    12.8488
    6549.00    12.8741
    6550.00    12.7774
    6551.00    12.5590
    6552.00    12.6409
    6553.00    12.5402
    6554.00    12.4360
    6555.00    12.3477
    6556.00    12.1636
    6557.00    12.0154
    6558.00    11.8234
    6559.00    11.7087
    6560.00    11.5465
    6561.00    11.5533
    6562.00    11.5098
    6563.00    11.6016
    6564.00    11.7819
    6565.00    11.8614
    6566.00    12.0171
    6567.00    12.2060
    6568.00    12.3074
    6569.00    12.3738
    6570.00    12.5172
    6571.00    12.5224
    6572.00    12.5566
    6573.00    12.5966
    6574.00    12.5800
    6575.00    12.7184
    6576.00    12.8081
    6577.00    12.8201
    6578.00    12.8506
    6579.00    12.7866
    6580.00    12.8978
    6581.00    12.9600
    6582.00    12.9471
    6583.00    13.0063
    6584.00    12.9947
    6585.00    12.9871
    6586.00    13.0425
    6587.00    13.1329
    6588.00    13.0092
    6589.00    12.9030
    6590.00    12.8760
    6591.00    12.8246
    6592.00    12.8005
    6593.00    12.7335
    6594.00    12.6616
    6595.00    12.7570
    6596.00    12.7299
    6597.00    12.7963
    6598.00    12.8882
    6599.00    12.8775
    6600.00    12.9038
    6601.00    12.9414
    6602.00    12.9170
    6603.00    12.8911
    6604.00    12.8943
    6605.00    12.8946
    6606.00    12.8330
    6607.00    12.8640
    6608.00    12.9142
    6609.00    12.8247
    6610.00    12.9509
    6611.00    13.0961
    6612.00    13.0626
    6613.00    13.0503
    6614.00    13.1219
    6615.00    13.1255
    6616.00    13.1338
    6617.00    13.2710
    6618.00    13.2878
    6619.00    13.1696
    6620.00    13.0827
    6621.00    13.0269
    6622.00    12.9522
    6623.00    12.9713
    6624.00    12.9441
    6625.00    12.8144
    6626.00    12.7465
    6627.00    12.7388
    6628.00    12.7301
    6629.00    12.6937
    6630.00    12.6693
    6631.00    12.7335
    6632.00    12.7491
    6633.00    12.6660
    6634.00    12.6276
    6635.00    12.6674
    6636.00    12.7472
    6637.00    12.8279
    6638.00    12.8265
    6639.00    12.8970
    6640.00    12.9159
    6641.00    12.8372
    6642.00    12.8066
    6643.00    12.8676
    6644.00    12.9388
    6645.00    12.8685
    6646.00    12.8580
    6647.00    12.8565
    6648.00    12.8448
    6649.00    12.9028
    6650.00    12.9053
    6651.00    12.8102
    6652.00    12.7119
    6653.00    12.7361
    6654.00    12.8536
    6655.00    12.8528
    6656.00    12.8303
    6657.00    12.7877
    6658.00    12.7232
    6659.00    12.7904
    6660.00    12.7534
    6661.00    12.5996
    6662.00    12.6357
    6663.00    12.7531
    6664.00    12.6036
    6665.00    12.5866
    6666.00    12.6857
    6667.00    12.7599
    6668.00    12.7949
    6669.00    12.7985
    6670.00    12.8359
    6671.00    12.9220
    6672.00    12.9634
    6673.00    12.9310
    6674.00    12.8622
    6675.00    12.8787
    6676.00    12.7736
    6677.00    12.6770
    6678.00    12.6811
    6679.00    12.6897
    6680.00    12.6855
    6681.00    12.6996
    6682.00    12.7591
    6683.00    12.8414
    6684.00    12.8064
    6685.00    12.7714
    6686.00    12.8577
    6687.00    12.8227
    6688.00    12.8249
    6689.00    12.8232
    6690.00    12.8569
    6691.00    12.9222
    6692.00    12.7412
    6693.00    12.6290
    6694.00    12.6507
    6695.00    12.5978
    6696.00    12.7933
    6697.00    12.6977
    6698.00    12.7004
    6699.00    12.7546
    6700.00    12.7020
    6701.00    12.8098
    6702.00    12.8705
    6703.00    12.9480
    6704.00    12.9454
    6705.00    12.9267
    6706.00    12.9303
    6707.00    12.9356
    6708.00    12.8593
    6709.00    12.7684
    6710.00    12.6992
    6711.00    12.6631
    6712.00    12.5738
    6713.00    12.6059
    6714.00    12.6585
    6715.00    12.5496
    6716.00    12.5035
    6717.00    12.4435
    6718.00    12.4554
    6719.00    12.4303
    6720.00    12.5308
    6721.00    12.6194
    6722.00    12.5013
    6723.00    12.6406
    6724.00    12.6844
    6725.00    12.8553
    6726.00    12.8297
    6727.00    12.8067
    6728.00    12.9502
    6729.00    12.7822
    6730.00    12.7595
    6731.00    12.8022
    6732.00    12.8655
    6733.00    12.8830
    6734.00    12.8927
    6735.00    12.8502
    6736.00    12.7875
    6737.00    12.8081
    6738.00    12.7523
    6739.00    12.7050
    6740.00    12.6667
    6741.00    12.6679
    6742.00    12.6858
    6743.00    12.6624
    6744.00    12.5796
    6745.00    12.5256
    6746.00    12.5641
    6747.00    12.5646
    6748.00    12.5619
    6749.00    12.5596
    6750.00    12.5857
    6751.00    12.6552
    6752.00    12.6483
    6753.00    12.6952
    6754.00    12.7903
    6755.00    12.7903
    6756.00    12.8649
    6757.00    12.9375
    6758.00    12.9909
    6759.00    12.9696
    6760.00    12.9042
    6761.00    12.8893
    6762.00    12.8548
    6763.00    12.8203
    6764.00    12.8372
    6765.00    12.8427
    6766.00    12.8161
    6767.00    12.7407
    6768.00    12.6899
    6769.00    12.7973
    6770.00    12.8502
    6771.00    12.8954
    6772.00    12.9940
    6773.00    13.0313
    6774.00    12.9566
    6775.00    12.9233
    6776.00    13.0726
    6777.00    13.0785
    6778.00    13.0174
    6779.00    12.9274
    6780.00    12.8508
    6781.00    12.7736
    6782.00    12.7432
    6783.00    12.7798
    6784.00    12.8027
    6785.00    12.7949
    6786.00    12.8212
    6787.00    12.8269
    6788.00    12.7248
    6789.00    12.7773
    6790.00    12.7905
    6791.00    12.8164
    6792.00    12.8272
    6793.00    12.8746
    6794.00    12.8790
    6795.00    12.8907
    6796.00    12.9242
    6797.00    12.9017
    6798.00    12.9249
    6799.00    12.9700
    6800.00    13.1621
    6801.00    13.2747
    6802.00    13.2037
    6803.00    12.9895
    6804.00    13.1997
    6805.00    13.1220
    6806.00    13.1625
