     6204.24    86.4651
     6205.24    86.7918
     6206.24    86.8222
     6207.24    86.6848
     6208.24    86.7600
     6209.24    86.1336
     6210.25    86.1419
     6211.25    85.1002
     6212.25    83.3712
     6213.25    81.8387
     6214.25    80.3117
     6215.25    80.0223
     6216.25    79.8981
     6217.25    80.1382
     6218.25    80.8423
     6219.25    81.3156
     6220.25    81.7627
     6221.25    81.6049
     6222.25    82.3015
     6223.25    82.4941
     6224.25    83.0223
     6225.26    83.3770
     6226.26    83.4207
     6227.26    83.1782
     6228.26    82.2700
     6229.26    80.6970
     6230.26    79.0444
     6231.26    78.8288
     6232.26    79.2887
     6233.26    80.6662
     6234.26    82.3208
     6235.26    83.8501
     6236.26    84.2404
     6237.26    83.6976
     6238.26    82.5950
     6239.26    81.5837
     6240.27    81.5573
     6241.27    80.2110
     6242.27    80.0314
     6243.27    79.8800
     6244.27    79.8994
     6245.27    79.6907
     6246.27    80.5475
     6247.27    81.5205
     6248.27    82.4301
     6249.27    83.2661
     6250.27    82.7817
     6251.27    81.8587
     6252.27    80.9471
     6253.27    79.8539
     6254.27    78.8504
     6255.28    78.9059
     6256.28    77.9763
     6257.28    77.9950
     6258.28    78.6740
     6259.28    79.0106
     6260.28    80.1903
     6261.28    81.8506
     6262.28    83.7220
     6263.28    84.5894
     6264.28    84.1749
     6265.28    84.0812
     6266.28    83.7020
     6267.28    83.4583
     6268.28    83.2483
     6269.29    83.9047
     6270.29    84.4114
     6271.29    84.2431
     6272.29    84.5214
     6273.29    85.3701
     6274.29    85.3582
     6275.29    86.0374
     6276.29    85.6605
     6277.29    85.5368
     6278.29    84.5644
     6279.29    83.8774
     6280.29    83.1234
     6281.29    82.4944
     6282.29    84.0954
     6283.29    85.4177
     6284.30    85.2256
     6285.30    84.9947
     6286.30    85.1467
     6287.30    86.2468
     6288.30    85.5207
     6289.30    85.3600
     6290.30    86.1206
     6291.30    85.5937
     6292.30    85.3589
     6293.30    85.3220
     6294.30    84.4703
     6295.30    84.0550
     6296.30    84.3169
     6297.30    84.0758
     6298.31    83.0419
     6299.31    82.5283
     6300.31    83.6249
     6301.31    83.0642
     6302.31    82.1441
     6303.31    82.9958
     6304.31    83.2913
     6305.31    84.4008
     6306.31    85.8242
     6307.31    86.8017
     6308.31    86.3461
     6309.31    86.4351
     6310.31    86.1219
     6311.31    85.0519
     6312.31    84.0791
     6313.32    84.3272
     6314.32    84.0506
     6315.32    82.7011
     6316.32    81.7741
     6317.32    81.6167
     6318.32    81.6255
     6319.32    81.7703
     6320.32    82.5415
     6321.32    84.2028
     6322.32    85.1464
     6323.32    85.8248
     6324.32    86.1090
     6325.32    87.0039
     6326.32    87.7652
     6327.33    86.8586
     6328.33    86.7525
     6329.33    87.5255
     6330.33    87.5128
     6331.33    87.2137
     6332.33    87.2557
     6333.33    87.2196
     6334.33    85.8387
     6335.33    84.5578
     6336.33    82.3940
     6337.33    82.9122
     6338.33    84.3011
     6339.33    85.6368
     6340.33    85.7274
     6341.33    85.4076
     6342.34    85.4099
     6343.34    85.0553
     6344.34    84.5469
     6345.34    84.5992
     6346.34    85.5494
     6347.34    86.0032
     6348.34    87.3949
     6349.34    87.5015
     6350.34    87.3870
     6351.34    86.4555
     6352.34    86.8131
     6353.34    86.1115
     6354.34    85.9597
     6355.34    84.5179
     6356.34    84.1106
     6357.35    83.1752
     6358.35    81.7887
     6359.35    81.7239
     6360.35    80.7973
     6361.35    80.6060
     6362.35    80.0529
     6363.35    81.1217
     6364.35    81.8256
     6365.35    83.4545
     6366.35    84.7117
     6367.35    86.0633
     6368.35    87.1112
     6369.35    87.4424
     6370.35    87.9693
     6371.35    88.6641
     6372.36    88.7911
     6373.36    88.9941
     6374.36    89.5246
     6375.36    88.7089
     6376.36    87.9164
     6377.36    87.7331
     6378.36    87.0625
     6379.36    86.9082
     6380.36    86.5001
     6381.36    87.1877
     6382.36    87.3872
     6383.36    87.1800
     6384.36    87.5840
     6385.36    88.3071
     6386.37    88.4568
     6387.37    88.1618
     6388.37    88.8493
     6389.37    88.6348
     6390.37    87.6277
     6391.37    86.3289
     6392.37    85.3276
     6393.37    84.8708
     6394.37    84.6318
     6395.37    85.5961
     6396.37    86.7715
     6397.37    86.6264
     6398.37    85.5425
     6399.37    84.7938
     6400.38    84.4627
     6401.38    85.4054
     6402.38    86.7410
     6403.38    88.1659
     6404.38    88.8913
     6405.38    88.4801
     6406.38    87.5080
     6407.38    87.0330
     6408.38    86.3783
     6409.38    85.4691
     6410.38    85.5510
     6411.38    86.1792
     6412.38    85.3550
     6413.38    85.8509
     6414.38    86.4681
     6415.39    86.5512
     6416.39    87.1011
     6417.39    86.9521
     6418.39    85.9587
     6419.39    84.6302
     6420.39    84.8309
     6421.39    85.2420
     6422.39    86.2374
     6423.39    87.1805
     6424.39    88.9534
     6425.39    89.8009
     6426.39    89.8532
     6427.39    89.0890
     6428.39    88.3484
     6429.40    86.6366
     6430.40    85.8670
     6431.40    85.5483
     6432.40    85.8367
     6433.40    87.1651
     6434.40    88.3752
     6435.40    88.1972
     6436.40    88.0625
     6437.40    86.9483
     6438.40    86.4573
     6439.40    86.8449
     6440.40    87.4728
     6441.40    88.7826
     6442.40    90.1317
     6443.40    91.1889
     6444.41    90.7578
     6445.41    90.7529
     6446.41    90.4499
     6447.41    87.9472
     6448.41    85.5210
     6449.41    84.1160
     6450.41    83.4674
     6451.41    84.0629
     6452.41    84.9738
     6453.41    86.3582
     6454.41    87.4394
     6455.41    88.6607
     6456.41    88.6048
     6457.41    88.3612
     6458.41    88.6879
     6459.42    89.2739
     6460.42    90.5392
     6461.42    90.3205
     6462.42    87.8246
     6463.42    85.8397
     6464.42    86.3664
     6465.42    87.6106
     6466.42    89.0178
     6467.42    89.9116
     6468.42    89.2092
     6469.42    88.8195
     6470.42    89.1975
     6471.42    88.7990
     6472.42    88.3613
     6473.42    88.3049
     6474.43    88.5393
     6475.43    89.1775
     6476.43    88.5115
     6477.43    88.9156
     6478.43    88.9385
     6479.43    88.2809
     6480.43    88.3545
     6481.43    87.0307
     6482.43    86.1347
     6483.43    85.7662
     6484.43    87.7550
     6485.43    89.2796
     6486.43    88.4071
     6487.43    87.4096
     6488.44    88.5644
     6489.44    88.3760
     6490.44    87.1208
     6491.44    86.2665
     6492.44    85.4052
     6493.44    83.0484
     6494.44    79.6152
     6495.44    77.7621
     6496.44    77.2823
     6497.44    78.0900
     6498.44    80.4064
     6499.44    81.4056
     6500.44    83.1117
     6501.44    84.4087
     6502.44    85.1817
     6503.45    86.6419
     6504.45    87.9252
     6505.45    88.1718
     6506.45    87.4024
     6507.45    87.3167
     6508.45    87.4585
     6509.45    87.4598
     6510.45    88.4155
     6511.45    88.6098
     6512.45    87.5879
     6513.45    87.5271
     6514.45    87.9803
     6515.45    87.5588
     6516.45    86.2906
     6517.46    85.8750
     6518.46    84.4807
     6519.46    82.8374
     6520.46    81.8049
     6521.46    82.4888
     6522.46    84.9740
     6523.46    86.5528
     6524.46    87.4812
     6525.46    88.5639
     6526.46    87.9940
     6527.46    86.6068
     6528.46    85.9538
     6529.46    87.3256
     6530.46    88.2991
     6531.46    88.4775
     6532.47    88.3676
     6533.47    88.6326
     6534.47    89.0851
     6535.47    88.7832
     6536.47    88.2167
     6537.47    87.8412
     6538.47    88.4055
     6539.47    88.8320
     6540.47    89.5962
     6541.47    89.8405
     6542.47    89.2041
     6543.47    88.5974
     6544.47    88.1170
     6545.47    86.9383
     6546.47    86.0642
     6547.48    84.9291
     6548.48    84.5505
     6549.48    85.7412
     6550.48    86.9157
     6551.48    85.8562
     6552.48    83.5509
     6553.48    82.5952
     6554.48    83.3689
     6555.48    83.4255
     6556.48    81.9000
     6557.48    80.0791
     6558.48    79.6382
     6559.48    78.5651
     6560.48    74.8537
     6561.48    69.8548
     6562.49    66.6491
     6563.49    66.8205
     6564.49    69.9167
     6565.49    74.9611
     6566.49    79.6533
     6567.49    81.7123
     6568.49    81.9953
     6569.49    82.7239
     6570.49    84.4304
     6571.49    84.2720
     6572.49    83.4701
     6573.49    82.8557
     6574.49    83.5794
     6575.49    84.1747
     6576.50    84.6088
     6577.50    85.7734
     6578.50    86.2770
     6579.50    85.7350
     6580.50    86.8235
     6581.50    88.1440
     6582.50    88.6077
     6583.50    88.8387
     6584.50    88.7291
     6585.50    87.8998
     6586.50    87.9811
     6587.50    88.5849
     6588.50    88.5280
     6589.50    88.3408
     6590.50    86.5992
     6591.51    84.7212
     6592.51    83.7322
     6593.51    83.7125
     6594.51    83.9282
     6595.51    85.0980
     6596.51    85.9647
     6597.51    86.4301
     6598.51    86.6898
     6599.51    87.3516
     6600.51    88.3782
     6601.51    89.5366
     6602.51    89.3741
     6603.51    88.6042
     6604.51    87.5938
     6605.52    87.3013
     6606.52    86.2039
     6607.52    85.4020
     6608.52    85.7373
     6609.52    85.8620
     6610.52    86.4903
     6611.52    87.4995
     6612.52    88.8476
     6613.52    89.1276
     6614.52    89.3828
     6615.52    89.3330
     6616.52    89.1433
     6617.52    88.9251
     6618.52    89.0284
     6619.52    89.6004
     6620.53    89.5853
     6621.53    89.1491
     6622.53    88.4021
     6623.53    87.3714
     6624.53    86.9610
     6625.53    86.8557
     6626.53    86.5190
     6627.53    87.1261
     6628.53    87.3347
     6629.53    87.0057
     6630.53    86.3123
     6631.53    85.8099
     6632.53    85.0217
     6633.53    84.4019
     6634.54    84.7969
     6635.54    85.4949
     6636.54    86.0687
     6637.54    86.7645
     6638.54    87.1186
     6639.54    86.9458
     6640.54    86.7671
     6641.54    86.5115
     6642.54    86.3927
     6643.54    85.8748
     6644.54    85.9997
     6645.54    86.3136
     6646.54    86.7564
     6647.54    87.1323
     6648.54    87.1724
     6649.55    87.2419
     6650.55    87.1860
     6651.55    86.8686
     6652.55    86.9278
     6653.55    86.9353
     6654.55    87.1211
     6655.55    86.9550
     6656.55    87.2685
     6657.55    86.9919
     6658.55    86.6441
     6659.55    86.6193
     6660.55    85.8823
     6661.55    84.9520
     6662.55    84.7350
     6663.55    84.5475
     6664.56    83.9762
     6665.56    84.2736
     6666.56    85.0623
     6667.56    85.7542
     6668.56    86.1947
     6669.56    87.0878
     6670.56    88.1367
     6671.56    88.1734
     6672.56    88.0770
     6673.56    88.2466
     6674.56    87.8367
     6675.56    86.7399
     6676.56    85.4386
     6677.56    84.7172
     6678.56    84.1573
     6679.57    84.2498
     6680.57    85.2850
     6681.57    86.3996
     6682.57    86.6984
     6683.57    86.9705
     6684.57    86.9664
     6685.57    87.0977
     6686.57    87.3463
     6687.57    86.9862
     6688.57    87.0386
     6689.57    86.9016
     6690.57    86.8538
     6691.57    86.9648
     6692.57    87.2783
     6693.58    86.6786
     6694.58    86.4757
     6695.58    85.4714
     6696.58    84.7157
     6697.58    84.9084
     6698.58    85.4048
     6699.58    86.3856
     6700.58    86.8184
     6701.58    86.5579
     6702.58    86.3168
     6703.58    86.0421
     6704.58    86.0869
     6705.58    86.3761
     6706.58    86.7618
     6707.58    86.6384
     6708.59    86.4135
     6709.59    86.1549
     6710.59    85.5687
     6711.59    85.3547
     6712.59    85.0567
     6713.59    83.8218
     6714.59    83.4717
     6715.59    82.6921
     6716.59    82.0298
     6717.59    82.3507
     6718.59    83.0805
     6719.59    83.6734
     6720.59    84.6372
     6721.59    85.6392
     6722.60    85.8491
     6723.60    85.3839
     6724.60    85.6011
     6725.60    85.6114
     6726.60    85.2106
     6727.60    85.4876
     6728.60    86.2091
     6729.60    86.3842
     6730.60    86.4144
     6731.60    86.3295
     6732.60    86.2636
     6733.60    86.1676
     6734.60    86.0558
     6735.60    86.2568
     6736.60    85.6202
     6737.61    85.3776
     6738.61    85.1217
     6739.61    84.7170
     6740.61    84.4762
     6741.61    84.5392
     6742.61    85.0189
     6743.61    84.6672
     6744.61    84.6374
     6745.61    84.2890
     6746.61    84.2177
     6747.61    83.9535
     6748.61    83.5418
     6749.61    83.5564
     6750.61    83.3756
     6751.62    83.8672
     6752.62    83.7640
     6753.62    83.7228
     6754.62    84.1845
     6755.62    85.0331
     6756.62    85.9086
     6757.62    86.5029
     6758.62    87.0985
     6759.62    87.2043
     6760.62    87.5778
     6761.62    87.4206
     6762.62    86.7951
     6763.62    86.7608
     6764.62    86.2405
     6765.62    85.6107
     6766.63    85.2812
     6767.63    85.2210
     6768.63    84.3684
     6769.63    84.5239
     6770.63    84.9550
     6771.63    85.8107
     6772.63    86.2423
     6773.63    86.7912
     6774.63    87.7921
     6775.63    87.9930
     6776.63    88.0939
     6777.63    88.3379
     6778.63    88.3438
     6779.63    87.9776
     6780.63    87.1211
     6781.64    86.4178
     6782.64    85.2697
     6783.64    84.1524
     6784.64    84.1629
     6785.64    84.3303
     6786.64    85.6106
     6787.64    85.9421
     6788.64    85.9902
     6789.64    86.6044
     6790.64    86.8400
     6791.64    86.3657
     6792.64    85.7988
     6793.64    85.7937
     6794.64    85.6339
     6795.65    85.4381
     6796.65    85.4998
     6797.65    85.7995
     6798.65    86.5178
     6799.65    86.9805
     6800.65    86.9828
     6801.65    87.0761
     6802.65    87.1149
     6803.65    87.1321
     6804.65    86.5625
     6805.65    86.7646
     6806.65    87.1138
     6807.65    86.7407
     6808.65    86.6893
     6809.65    86.7455
     6810.66    86.8070
     6811.66    86.7893
     6812.66    87.0021
     6813.66    86.9663
     6814.66    86.8852
     6815.66    86.9071
     6816.66    87.2666
     6817.66    87.5115
     6818.66    87.2861
     6819.66    87.6929
     6820.66    87.8415
     6821.66    87.9182
     6822.66    88.0647
     6823.66    88.4491
     6824.67    88.7930
     6825.67    88.3694
     6826.67    87.7290
     6827.67    87.1969
     6828.67    87.2395
     6829.67    87.2694
     6830.67    87.7427
     6831.67    87.8377
     6832.67    88.1013
     6833.67    88.2489
     6834.67    88.6294
     6835.67    88.2064
     6836.67    87.8580
     6837.67    86.4373
     6838.67    85.5552
     6839.68    85.1051
     6840.68    84.8745
     6841.68    84.4878
     6842.68    84.7501
     6843.68    85.6771
     6844.68    87.0930
     6845.68    87.3156
     6846.68    88.1166
     6847.68    88.0212
     6848.68    88.3819
     6849.68    87.5711
     6850.68    87.9818
     6851.68    87.4852
     6852.68    87.0347
     6853.68    87.1471
     6854.69    87.2442
