     6226.00    39.0887
     6227.00    39.0906
     6228.00    39.0002
     6229.00    39.1319
     6230.00    39.1500
     6231.00    39.0807
     6232.00    39.0827
     6233.00    39.0506
     6234.00    39.0289
     6235.00    39.1744
     6236.00    39.3258
     6237.00    39.3796
     6238.00    39.1760
     6239.00    39.3550
     6240.00    39.1859
     6241.00    38.9568
     6242.00    38.9972
     6243.00    39.0700
     6244.00    39.0784
     6245.00    38.9764
     6246.00    38.9026
     6247.00    39.0142
     6248.00    38.8170
     6249.00    38.7903
     6250.00    38.9315
     6251.00    38.8241
     6252.00    38.7849
     6253.00    38.6829
     6254.00    38.6717
     6255.00    38.6537
     6256.00    38.7360
     6257.00    38.5682
     6258.00    38.5961
     6259.00    38.7135
     6260.00    38.7972
     6261.00    39.1269
     6262.00    38.9123
     6263.00    39.3307
     6264.00    39.7442
     6265.00    39.8612
     6266.00    40.0794
     6267.00    40.2458
     6268.00    40.5721
     6269.00    40.4820
     6270.00    40.6579
     6271.00    40.8938
     6272.00    40.5542
     6273.00    40.6234
     6274.00    40.9511
     6275.00    40.8971
     6276.00    41.1011
     6277.00    41.0829
     6278.00    41.1257
     6279.00    41.1971
     6280.00    41.2851
     6281.00    41.2755
     6282.00    41.5626
     6283.00    41.8339
     6284.00    41.7532
     6285.00    42.0026
     6286.00    42.2651
     6287.00    41.8190
     6288.00    42.1197
     6289.00    42.2342
     6290.00    42.0440
     6291.00    41.9074
     6292.00    41.9698
     6293.00    42.1312
     6294.00    41.6323
     6295.00    41.5215
     6296.00    41.5268
     6297.00    41.4858
     6298.00    41.6257
     6299.00    41.3796
     6300.00    41.4672
     6301.00    41.5500
     6302.00    41.5323
     6303.00    41.5038
     6304.00    41.3632
     6305.00    41.2714
     6306.00    41.5068
     6307.00    41.5210
     6308.00    41.5314
     6309.00    41.4721
     6310.00    41.5956
     6311.00    41.4641
     6312.00    41.5143
     6313.00    41.5062
     6314.00    41.4416
     6315.00    41.3266
     6316.00    41.1293
     6317.00    41.2208
     6318.00    41.4796
     6319.00    41.4873
     6320.00    41.6036
     6321.00    41.4870
     6322.00    42.0062
     6323.00    41.9874
     6324.00    41.9118
     6325.00    42.0543
     6326.00    42.2286
     6327.00    42.4335
     6328.00    42.7466
     6329.00    42.7852
     6330.00    42.9201
     6331.00    42.9466
     6332.00    42.7859
     6333.00    42.7828
     6334.00    42.6351
     6335.00    42.5036
     6336.00    42.4371
     6337.00    42.1777
     6338.00    42.1016
     6339.00    42.1722
     6340.00    42.1350
     6341.00    42.2408
     6342.00    42.1681
     6343.00    42.0203
     6344.00    42.1431
     6345.00    42.1695
     6346.00    42.0304
     6347.00    41.9751
     6348.00    42.2044
     6349.00    42.2586
     6350.00    42.1185
     6351.00    42.0276
     6352.00    42.0259
     6353.00    41.6388
     6354.00    41.5114
     6355.00    41.4703
     6356.00    41.2207
     6357.00    41.0083
     6358.00    40.8391
     6359.00    40.6575
     6360.00    40.6461
     6361.00    40.5917
     6362.00    40.7222
     6363.00    40.7158
     6364.00    40.7587
     6365.00    40.9341
     6366.00    41.3607
     6367.00    41.6747
     6368.00    42.0810
     6369.00    42.3899
     6370.00    42.5264
     6371.00    42.8169
     6372.00    43.0318
     6373.00    43.3287
     6374.00    43.4594
     6375.00    43.4812
     6376.00    43.6317
     6377.00    43.6195
     6378.00    43.5616
     6379.00    43.6571
     6380.00    43.6864
     6381.00    43.5000
     6382.00    43.5673
     6383.00    43.6530
     6384.00    43.7001
     6385.00    43.6424
     6386.00    43.6316
     6387.00    43.5781
     6388.00    43.4578
     6389.00    43.4596
     6390.00    43.4490
     6391.00    43.4653
     6392.00    43.6213
     6393.00    43.3407
     6394.00    43.1605
     6395.00    43.2154
     6396.00    43.3400
     6397.00    43.3213
     6398.00    43.3898
     6399.00    43.2748
     6400.00    43.0945
     6401.00    43.1620
     6402.00    43.2944
     6403.00    43.2328
     6404.00    43.3066
     6405.00    43.2491
     6406.00    43.1781
     6407.00    43.2432
     6408.00    43.3171
     6409.00    43.2453
     6410.00    43.2419
     6411.00    43.1161
     6412.00    43.0330
     6413.00    43.0278
     6414.00    43.0381
     6415.00    42.9571
     6416.00    43.0134
     6417.00    43.1077
     6418.00    43.1846
     6419.00    43.0581
     6420.00    43.0627
     6421.00    43.1915
     6422.00    43.2402
     6423.00    43.2089
     6424.00    43.2669
     6425.00    43.4665
     6426.00    43.7349
     6427.00    43.6218
     6428.00    43.5306
     6429.00    43.4837
     6430.00    43.4665
     6431.00    43.5340
     6432.00    43.5503
     6433.00    43.6811
     6434.00    43.7495
     6435.00    43.7289
     6436.00    43.9755
     6437.00    44.0304
     6438.00    43.9728
     6439.00    43.8958
     6440.00    44.0113
     6441.00    44.0435
     6442.00    43.9088
     6443.00    43.8154
     6444.00    43.8303
     6445.00    44.1082
     6446.00    44.1477
     6447.00    43.6872
     6448.00    43.3650
     6449.00    43.1932
     6450.00    43.1480
     6451.00    43.1552
     6452.00    43.2542
     6453.00    43.3314
     6454.00    43.5678
     6455.00    43.8480
     6456.00    43.7562
     6457.00    43.7349
     6458.00    43.7681
     6459.00    43.7964
     6460.00    43.8464
     6461.00    43.8008
     6462.00    43.9003
     6463.00    44.2418
     6464.00    44.3915
     6465.00    44.3636
     6466.00    44.3706
     6467.00    44.4133
     6468.00    44.6106
     6469.00    44.6410
     6470.00    44.5856
     6471.00    44.7216
     6472.00    44.8327
     6473.00    44.9421
     6474.00    44.8030
     6475.00    44.5463
     6476.00    44.6287
     6477.00    45.0488
     6478.00    45.2603
     6479.00    44.9111
     6480.00    44.5202
     6481.00    44.3491
     6482.00    44.3155
     6483.00    44.1994
     6484.00    43.8573
     6485.00    43.6886
     6486.00    43.6525
     6487.00    43.5325
     6488.00    43.1989
     6489.00    42.7897
     6490.00    42.5897
     6491.00    42.4419
     6492.00    42.0904
     6493.00    41.9565
     6494.00    41.7515
     6495.00    41.5449
     6496.00    41.4676
     6497.00    41.4928
     6498.00    41.6051
     6499.00    41.5875
     6500.00    41.5702
     6501.00    41.6799
     6502.00    41.9373
     6503.00    42.2013
     6504.00    42.5640
     6505.00    43.0385
     6506.00    43.2669
     6507.00    43.3608
     6508.00    43.5842
     6509.00    43.7604
     6510.00    44.0044
     6511.00    44.4340
     6512.00    44.4828
     6513.00    44.3666
     6514.00    44.4408
     6515.00    44.4049
     6516.00    44.2748
     6517.00    44.1808
     6518.00    44.3666
     6519.00    44.5437
     6520.00    44.5054
     6521.00    44.5134
     6522.00    44.6947
     6523.00    44.8509
     6524.00    44.9160
     6525.00    44.9483
     6526.00    44.8178
     6527.00    44.7756
     6528.00    44.6873
     6529.00    44.6957
     6530.00    44.8058
     6531.00    44.8977
     6532.00    44.9510
     6533.00    44.7484
     6534.00    44.9088
     6535.00    45.2767
     6536.00    45.2556
     6537.00    45.0744
     6538.00    44.8797
     6539.00    45.0061
     6540.00    45.1720
     6541.00    45.2020
     6542.00    45.0590
     6543.00    44.9219
     6544.00    44.8275
     6545.00    44.8364
     6546.00    44.6884
     6547.00    44.3753
     6548.00    44.1127
     6549.00    43.9069
     6550.00    43.6789
     6551.00    43.6292
     6552.00    43.5907
     6553.00    43.1467
     6554.00    42.7292
     6555.00    42.5262
     6556.00    42.2410
     6557.00    41.8488
     6558.00    41.6115
     6559.00    41.4942
     6560.00    41.3011
     6561.00    41.3292
     6562.00    41.2791
     6563.00    41.2838
     6564.00    41.3205
     6565.00    41.3677
     6566.00    41.4905
     6567.00    41.7369
     6568.00    41.9545
     6569.00    42.0584
     6570.00    42.2283
     6571.00    42.2628
     6572.00    42.5122
     6573.00    42.8603
     6574.00    43.1033
     6575.00    43.3676
     6576.00    43.7000
     6577.00    43.8780
     6578.00    43.8989
     6579.00    44.0782
     6580.00    44.2330
     6581.00    44.3546
     6582.00    44.4176
     6583.00    44.4205
     6584.00    44.3554
     6585.00    44.4811
     6586.00    44.6123
     6587.00    44.5693
     6588.00    44.4430
     6589.00    44.4548
     6590.00    44.3693
     6591.00    44.3730
     6592.00    44.2879
     6593.00    44.2612
     6594.00    44.2098
     6595.00    44.0498
     6596.00    43.9279
     6597.00    44.0266
     6598.00    44.0273
     6599.00    43.9549
     6600.00    43.8517
     6601.00    43.8631
     6602.00    43.9861
     6603.00    44.0585
     6604.00    43.9690
     6605.00    43.9409
     6606.00    44.1088
     6607.00    44.2060
     6608.00    44.1891
     6609.00    44.2152
     6610.00    44.2486
     6611.00    44.3056
     6612.00    44.3832
     6613.00    44.4697
     6614.00    44.5411
     6615.00    44.6816
     6616.00    44.6745
     6617.00    44.6468
     6618.00    44.7586
     6619.00    44.6165
     6620.00    44.5627
     6621.00    44.5833
     6622.00    44.4778
     6623.00    44.1073
     6624.00    44.0639
     6625.00    43.9746
     6626.00    43.7020
     6627.00    43.5435
     6628.00    43.6370
     6629.00    43.6972
     6630.00    43.3444
     6631.00    43.3884
     6632.00    43.2912
     6633.00    43.1106
     6634.00    43.1629
     6635.00    43.2997
     6636.00    43.3622
     6637.00    43.3169
     6638.00    43.3033
     6639.00    43.3642
     6640.00    43.3631
     6641.00    43.4218
     6642.00    43.3352
     6643.00    43.4138
     6644.00    43.5406
     6645.00    43.5009
     6646.00    43.4538
     6647.00    43.3039
     6648.00    43.3515
     6649.00    43.3892
     6650.00    43.2528
     6651.00    43.1361
     6652.00    43.1901
     6653.00    43.2571
     6654.00    43.1641
     6655.00    43.1591
     6656.00    43.1818
     6657.00    42.8671
     6658.00    42.9138
     6659.00    42.7715
     6660.00    42.7156
     6661.00    42.6516
     6662.00    42.5514
     6663.00    42.5596
     6664.00    42.4635
     6665.00    42.4111
     6666.00    42.3860
     6667.00    42.5580
     6668.00    42.4906
     6669.00    42.5198
     6670.00    42.5006
     6671.00    42.4829
     6672.00    42.5864
     6673.00    42.6064
     6674.00    42.6954
     6675.00    42.5995
     6676.00    42.5168
     6677.00    42.4720
     6678.00    42.3663
     6679.00    42.5587
     6680.00    42.7966
     6681.00    42.6296
     6682.00    42.5407
     6683.00    42.6524
     6684.00    42.6972
     6685.00    42.6478
     6686.00    42.9433
     6687.00    42.7957
     6688.00    42.7640
     6689.00    42.7528
     6690.00    42.5112
     6691.00    42.4032
     6692.00    42.4416
     6693.00    42.3604
     6694.00    42.3618
     6695.00    42.1567
     6696.00    42.0063
     6697.00    42.3414
     6698.00    42.3115
     6699.00    42.3790
     6700.00    42.3024
     6701.00    42.2579
     6702.00    42.1773
     6703.00    42.3772
     6704.00    42.3146
     6705.00    42.3848
     6706.00    42.3391
     6707.00    42.2800
     6708.00    42.1198
     6709.00    42.1794
     6710.00    42.1268
     6711.00    42.0150
     6712.00    41.7834
     6713.00    41.8410
     6714.00    41.6253
     6715.00    41.4234
     6716.00    41.4118
     6717.00    41.5353
     6718.00    41.5292
     6719.00    41.5115
     6720.00    41.2639
     6721.00    41.4476
     6722.00    41.6221
     6723.00    41.6563
     6724.00    41.6666
     6725.00    41.9593
     6726.00    41.7680
     6727.00    42.1293
     6728.00    42.2812
     6729.00    42.0131
     6730.00    42.2080
     6731.00    42.2438
     6732.00    42.2072
     6733.00    42.1936
     6734.00    42.0645
     6735.00    42.0228
     6736.00    42.0371
     6737.00    41.9968
     6738.00    41.9575
     6739.00    41.9092
     6740.00    41.7873
     6741.00    41.8437
     6742.00    41.6903
     6743.00    41.6615
     6744.00    41.5412
     6745.00    41.4836
     6746.00    41.5169
     6747.00    41.4266
     6748.00    41.4687
     6749.00    41.5297
     6750.00    41.4437
     6751.00    41.5457
     6752.00    41.5283
     6753.00    41.5793
     6754.00    41.7528
     6755.00    41.9867
     6756.00    42.0345
     6757.00    42.0702
     6758.00    42.0721
     6759.00    42.0783
     6760.00    42.2320
     6761.00    42.3014
     6762.00    42.2513
     6763.00    42.2344
     6764.00    42.3078
     6765.00    42.3073
     6766.00    42.2813
     6767.00    42.3876
     6768.00    42.4383
     6769.00    42.3426
     6770.00    42.4640
     6771.00    42.4194
     6772.00    42.5818
     6773.00    42.5930
     6774.00    42.5082
     6775.00    42.4897
     6776.00    42.4796
     6777.00    42.4448
     6778.00    42.5322
     6779.00    42.4632
     6780.00    42.4892
     6781.00    42.5076
     6782.00    42.2726
     6783.00    42.0312
     6784.00    41.9616
     6785.00    41.9499
     6786.00    41.9019
     6787.00    41.9106
     6788.00    41.9701
     6789.00    41.9356
     6790.00    41.8568
     6791.00    41.8338
     6792.00    41.9658
     6793.00    42.0305
     6794.00    42.1272
     6795.00    42.1888
     6796.00    42.1766
     6797.00    42.2645
     6798.00    42.2685
     6799.00    42.3802
     6800.00    42.4485
     6801.00    42.3977
     6802.00    42.3696
     6803.00    42.3928
     6804.00    42.4007
     6805.00    42.4163
     6806.00    42.4594
     6807.00    42.7352
     6808.00    42.5838
     6809.00    42.5667
     6810.00    42.7039
     6811.00    42.6938
     6812.00    42.6657
     6813.00    42.6295
     6814.00    42.6771
     6815.00    42.6467
     6816.00    42.7155
     6817.00    42.6287
     6818.00    42.6444
     6819.00    42.7293
     6820.00    42.8224
     6821.00    43.0116
     6822.00    42.9743
     6823.00    42.8957
     6824.00    42.9336
     6825.00    42.9291
     6826.00    42.8963
     6827.00    42.8158
     6828.00    42.7733
     6829.00    42.8794
     6830.00    43.0266
     6831.00    42.9427
     6832.00    42.7943
     6833.00    42.6484
     6834.00    42.6137
     6835.00    42.5674
     6836.00    42.3907
     6837.00    42.3492
     6838.00    42.3748
     6839.00    42.1826
     6840.00    42.0753
     6841.00    42.0606
     6842.00    42.0418
