     6172.35    8.32692
     6173.34    8.32602
     6174.34    8.44094
     6175.34    8.63748
     6176.33    8.66534
     6177.33    8.67919
     6178.32    8.75913
     6179.32    8.74358
     6180.31    8.81003
     6181.31    8.82003
     6182.30    8.94091
     6183.30    8.77374
     6184.30    8.74185
     6185.29    8.75314
     6186.29    8.64390
     6187.28    8.60225
     6188.28    8.58580
     6189.27    8.49873
     6190.27    8.35822
     6191.26    8.46309
     6192.26    8.39672
     6193.26    8.50859
     6194.25    8.66600
     6195.25    8.63359
     6196.24    8.65995
     6197.24    8.61722
     6198.23    8.69569
     6199.23    8.80943
     6200.22    8.73719
     6201.22    8.81546
     6202.22    8.77317
     6203.21    8.88704
     6204.21    8.82388
     6205.20    8.86291
     6206.20    8.82886
     6207.19    8.84250
     6208.19    8.75994
     6209.18    8.68585
     6210.18    8.59467
     6211.18    8.51954
     6212.17    8.44492
     6213.17    8.35792
     6214.16    8.27955
     6215.16    8.20853
     6216.15    8.17044
     6217.15    8.08993
     6218.14    8.08937
     6219.14    8.08758
     6220.14    8.08940
     6221.13    8.10478
     6222.13    8.16495
     6223.12    8.20214
     6224.12    8.24718
     6225.11    8.25074
     6226.11    8.21723
     6227.10    8.20654
     6228.10    8.20986
     6229.10    8.16622
     6230.09    8.15012
     6231.09    8.15544
     6232.08    8.11981
     6233.08    8.21291
     6234.07    8.27711
     6235.07    8.18058
     6236.06    8.16634
     6237.06    8.32618
     6238.06    8.17883
     6239.05    8.14411
     6240.05    8.10869
     6241.04    8.08484
     6242.04    8.04441
     6243.03    8.01302
     6244.03    7.97835
     6245.02    7.97030
     6246.02    8.09429
     6247.01    8.12955
     6248.01    8.06368
     6249.01    8.06313
     6250.00    8.12408
     6251.00    8.16830
     6251.99    8.13461
     6252.99    7.92803
     6253.98    7.93921
     6254.98    7.88211
     6255.97    7.72655
     6256.97    7.70745
     6257.97    7.81180
     6258.96    7.83186
     6259.96    7.98474
     6260.95    7.99190
     6261.95    8.07167
     6262.94    8.28575
     6263.94    8.26625
     6264.93    8.34647
     6265.93    8.43670
     6266.93    8.40739
     6267.92    8.45361
     6268.92    8.41067
     6269.91    8.31853
     6270.91    8.41536
     6271.90    8.53121
     6272.90    8.48378
     6273.89    8.62990
     6274.89    8.61485
     6275.89    8.53442
     6276.88    8.49362
     6277.88    8.45932
     6278.87    8.61007
     6279.87    8.51900
     6280.86    8.51101
     6281.86    8.49628
     6282.85    8.67821
     6283.85    8.59939
     6284.85    8.56189
     6285.84    8.76982
     6286.84    8.76155
     6287.83    8.81198
     6288.83    8.72350
     6289.82    8.77643
     6290.82    8.76242
     6291.81    8.97593
     6292.81    8.74242
     6293.81    8.58875
     6294.80    8.53798
     6295.80    8.47651
     6296.79    8.41298
     6297.79    8.49017
     6298.78    8.39520
     6299.78    8.38341
     6300.77    8.39190
     6301.77    8.37747
     6302.77    8.48930
     6303.76    8.60905
     6304.76    8.57486
     6305.75    8.60668
     6306.75    8.66280
     6307.74    8.63737
     6308.74    8.66763
     6309.73    8.63823
     6310.73    8.61382
     6311.73    8.60801
     6312.72    8.51677
     6313.72    8.45227
     6314.71    8.39741
     6315.71    8.32996
     6316.70    8.40593
     6317.70    8.43801
     6318.69    8.45826
     6319.69    8.42303
     6320.68    8.42735
     6321.68    8.51450
     6322.68    8.57054
     6323.67    8.73106
     6324.67    8.75521
     6325.66    8.77757
     6326.66    8.79671
     6327.65    8.86715
     6328.65    8.98027
     6329.64    8.86310
     6330.64    8.86093
     6331.64    8.86469
     6332.63    8.74925
     6333.63    8.68862
     6334.62    8.70393
     6335.62    8.68675
     6336.61    8.65949
     6337.61    8.59551
     6338.60    8.61816
     6339.60    8.60883
     6340.60    8.55449
     6341.59    8.46924
     6342.59    8.63917
     6343.58    8.55088
     6344.58    8.48040
     6345.57    8.58336
     6346.57    8.68062
     6347.56    8.99316
     6348.56    8.74116
     6349.56    8.78072
     6350.55    8.79727
     6351.55    8.85716
     6352.54    8.75000
     6353.54    8.68545
     6354.53    8.64231
     6355.53    8.60606
     6356.52    8.54229
     6357.52    8.41609
     6358.52    8.34915
     6359.51    8.34864
     6360.51    8.19035
     6361.50    8.20044
     6362.50    8.20902
     6363.49    8.27726
     6364.49    8.38546
     6365.48    8.48830
     6366.48    8.52143
     6367.48    8.72651
     6368.47    8.77308
     6369.47    8.86585
     6370.46    9.00832
     6371.46    9.07490
     6372.45    9.04502
     6373.45    9.12680
     6374.44    9.09714
     6375.44    9.20434
     6376.44    9.12144
     6377.43    9.11720
     6378.43    9.12105
     6379.42    9.04664
     6380.42    8.99555
     6381.41    8.97029
     6382.41    8.97147
     6383.40    9.03242
     6384.40    9.11774
     6385.40    9.18430
     6386.39    9.09051
     6387.39    9.08305
     6388.38    9.22520
     6389.38    9.24834
     6390.37    9.10616
     6391.37    9.08076
     6392.36    8.96725
     6393.36    8.94950
     6394.35    8.93264
     6395.35    8.96534
     6396.35    8.92049
     6397.34    8.94792
     6398.34    8.99558
     6399.33    8.95420
     6400.33    8.97217
     6401.32    9.08859
     6402.32    8.99531
     6403.31    9.03855
     6404.31    9.04106
     6405.31    9.09470
     6406.30    9.07531
     6407.30    9.04170
     6408.29    9.01455
     6409.29    9.07129
     6410.28    9.06528
     6411.28    8.98119
     6412.27    8.92479
     6413.27    9.00626
     6414.27    9.05253
     6415.26    9.01569
     6416.26    9.01352
     6417.25    8.96290
     6418.25    8.95669
     6419.24    8.97464
     6420.24    9.12653
     6421.23    9.04700
     6422.23    9.05715
     6423.23    9.10849
     6424.22    9.18023
     6425.22    9.23617
     6426.21    9.29684
     6427.21    9.25780
     6428.20    9.27931
     6429.20    9.19203
     6430.19    9.14066
     6431.19    9.14307
     6432.19    9.10480
     6433.18    9.05529
     6434.18    9.08804
     6435.17    9.15224
     6436.17    9.23366
     6437.16    9.16209
     6438.16    9.29062
     6439.15    9.29145
     6440.15    9.32479
     6441.15    9.34350
     6442.14    9.40303
     6443.14    9.47861
     6444.13    9.39834
     6445.13    9.35686
     6446.12    9.38392
     6447.12    9.21264
     6448.11    9.19772
     6449.11    9.13652
     6450.10    9.00280
     6451.10    8.95654
     6452.10    9.14164
     6453.09    9.14371
     6454.09    9.18719
     6455.08    9.26439
     6456.08    9.28621
     6457.07    9.39997
     6458.07    9.42828
     6459.06    9.36449
     6460.06    9.34771
     6461.06    9.43444
     6462.05    9.37968
     6463.05    9.39986
     6464.04    9.37818
     6465.04    9.41615
     6466.03    9.43008
     6467.03    9.43926
     6468.02    9.51390
     6469.02    9.56571
     6470.02    9.59879
     6471.01    9.67185
     6472.01    9.67502
     6473.00    9.63322
     6474.00    9.58987
     6474.99    9.66630
     6475.99    9.60704
     6476.98    9.59147
     6477.98    9.65236
     6478.98    9.52265
     6479.97    9.47417
     6480.97    9.42783
     6481.96    9.45382
     6482.96    9.38523
     6483.95    9.31338
     6484.95    9.31063
     6485.94    9.23180
     6486.94    9.17207
     6487.94    9.21421
     6488.93    9.20400
     6489.93    9.04182
     6490.92    8.91636
     6491.92    8.89072
     6492.91    8.77027
     6493.91    8.66201
     6494.90    8.60107
     6495.90    8.49475
     6496.90    8.55838
     6497.89    8.71478
     6498.89    8.74716
     6499.88    8.77212
     6500.88    8.92012
     6501.87    9.01503
     6502.87    9.12309
     6503.86    9.20731
     6504.86    9.29624
     6505.86    9.32448
     6506.85    9.29272
     6507.85    9.40759
     6508.84    9.39901
     6509.84    9.41447
     6510.83    9.48277
     6511.83    9.43663
     6512.82    9.45974
     6513.82    9.44286
     6514.81    9.51255
     6515.81    9.41020
     6516.81    9.38492
     6517.80    9.30643
     6518.80    9.29964
     6519.79    9.45885
     6520.79    9.39515
     6521.78    9.36385
     6522.78    9.41505
     6523.77    9.41820
     6524.77    9.49075
     6525.77    9.56305
     6526.76    9.59615
     6527.76    9.55000
     6528.75    9.49569
     6529.75    9.46969
     6530.74    9.51753
     6531.74    9.51672
     6532.73    9.45976
     6533.73    9.48639
     6534.73    9.55462
     6535.72    9.56729
     6536.72    9.53364
     6537.71    9.67703
     6538.71    9.69429
     6539.70    9.67909
     6540.70    9.68192
     6541.69    9.61966
     6542.69    9.58199
     6543.69    9.51860
     6544.68    9.39283
     6545.68    9.43506
     6546.67    9.39570
     6547.67    9.39594
     6548.66    9.45471
     6549.66    9.40765
     6550.65    9.28260
     6551.65    9.21223
     6552.65    9.10613
     6553.64    9.02130
     6554.64    8.87972
     6555.63    8.82681
     6556.63    8.66563
     6557.62    8.66566
     6558.62    8.62622
     6559.61    8.47247
     6560.61    8.43186
     6561.61    8.43652
     6562.60    8.38568
     6563.60    8.39733
     6564.59    8.39872
     6565.59    8.54726
     6566.58    8.66400
     6567.58    8.67263
     6568.57    8.78563
     6569.57    8.79842
     6570.57    8.84435
     6571.56    8.97391
     6572.56    8.94478
     6573.55    8.95845
     6574.55    9.01030
     6575.54    9.04208
     6576.54    9.07622
     6577.53    9.14212
     6578.53    9.14656
     6579.53    9.27943
     6580.52    9.37095
     6581.52    9.38230
     6582.51    9.46615
     6583.51    9.50224
     6584.50    9.48655
     6585.50    9.44861
     6586.49    9.44730
     6587.49    9.31292
     6588.49    9.30040
     6589.48    9.31844
     6590.48    9.19888
     6591.47    9.22097
     6592.47    9.09099
     6593.46    9.00643
     6594.46    9.08686
     6595.45    9.03747
     6596.45    9.03914
     6597.44    9.14350
     6598.44    9.18782
     6599.44    9.16870
     6600.43    9.15993
     6601.43    9.23473
     6602.42    9.34575
     6603.42    9.24833
     6604.41    9.18124
     6605.41    9.22209
     6606.40    9.14103
     6607.40    9.14610
     6608.40    9.16991
     6609.39    9.15509
     6610.39    9.13758
     6611.38    9.18648
     6612.38    9.28230
     6613.37    9.32376
     6614.37    9.29336
     6615.36    9.31454
     6616.36    9.34488
     6617.36    9.34251
     6618.35    9.38566
     6619.35    9.30850
     6620.34    9.31516
     6621.34    9.26237
     6622.33    9.25646
     6623.33    9.17476
     6624.32    9.15174
     6625.32    9.11122
     6626.32    9.05755
     6627.31    9.03402
     6628.31    9.04828
     6629.30    8.99108
     6630.30    8.90552
     6631.29    8.91736
     6632.29    8.86660
     6633.28    8.79089
     6634.28    8.76853
     6635.28    8.86775
     6636.27    8.91145
     6637.27    8.96566
     6638.26    8.92736
     6639.26    8.95512
     6640.25    8.92366
     6641.25    9.02004
     6642.24    9.05450
     6643.24    9.07172
     6644.24    9.07456
     6645.23    9.02403
     6646.23    8.97209
     6647.22    8.97002
     6648.22    9.02788
     6649.21    8.95422
     6650.21    8.93441
     6651.20    8.97287
     6652.20    8.87992
     6653.20    8.85218
     6654.19    8.90956
     6655.19    8.92569
     6656.18    8.86230
     6657.18    8.82320
     6658.17    8.78826
     6659.17    8.84004
     6660.16    8.79853
     6661.16    8.71891
     6662.16    8.65582
     6663.15    8.66812
     6664.15    8.73466
     6665.14    8.69784
     6666.14    8.69977
     6667.13    8.77221
     6668.13    8.82101
     6669.12    8.84189
     6670.12    8.81103
     6671.11    8.79245
     6672.11    8.86025
     6673.11    8.81367
     6674.10    8.81513
     6675.10    8.84180
     6676.09    8.81881
     6677.09    8.73610
     6678.08    8.73020
     6679.08    8.76980
     6680.07    8.81796
     6681.07    8.76934
     6682.07    8.83688
     6683.06    8.76648
     6684.06    8.77811
     6685.05    8.77572
     6686.05    8.79311
     6687.04    8.83377
     6688.04    8.84645
     6689.03    8.80899
     6690.03    8.85627
     6691.03    8.88393
     6692.02    8.85008
     6693.02    8.81267
     6694.01    8.68284
     6695.01    8.71864
     6696.00    8.66123
     6697.00    8.64974
     6697.99    8.61921
     6698.99    8.67045
     6699.99    8.72408
     6700.98    8.75350
     6701.98    8.79222
     6702.97    8.77060
     6703.97    8.72215
     6704.96    8.74530
     6705.96    8.75455
     6706.95    8.76895
     6707.95    8.67685
     6708.95    8.74125
     6709.94    8.74292
     6710.94    8.63358
     6711.93    8.59146
     6712.93    8.50300
     6713.92    8.50334
     6714.92    8.56480
     6715.91    8.43507
     6716.91    8.46986
     6717.91    8.54640
     6718.90    8.73205
     6719.90    8.52656
     6720.89    8.50372
     6721.89    8.58246
     6722.88    8.63542
     6723.88    8.63184
     6724.87    8.67088
     6725.87    8.71823
     6726.87    8.60888
     6727.86    8.72128
     6728.86    8.77692
     6729.85    8.73240
     6730.85    8.71630
     6731.84    8.74047
     6732.84    8.77728
     6733.83    8.72227
     6734.83    8.68229
     6735.83    8.63098
     6736.82    8.60380
     6737.82    8.62854
     6738.81    8.59075
     6739.81    8.54965
     6740.80    8.52134
     6741.80    8.48349
     6742.79    8.53104
     6743.79    8.50640
     6744.79    8.44486
     6745.78    8.51407
     6746.78    8.53381
     6747.77    8.51098
     6748.77    8.51265
     6749.76    8.50931
     6750.76    8.48067
     6751.75    8.48684
     6752.75    8.59088
     6753.74    8.55699
     6754.74    8.57285
     6755.74    8.57663
     6756.73    8.60587
     6757.73    8.68654
     6758.72    8.71456
     6759.72    8.74608
     6760.71    8.74610
     6761.71    8.81630
     6762.70    8.69920
     6763.70    8.62463
     6764.70    8.59904
     6765.69    8.61432
     6766.69    8.62466
     6767.68    8.61892
     6768.68    8.58059
     6769.67    8.58031
     6770.67    8.66226
     6771.66    8.73738
     6772.66    8.69458
     6773.66    8.78419
     6774.65    8.78299
     6775.65    8.72118
     6776.64    8.79386
     6777.64    8.85735
     6778.63    8.75568
     6779.63    8.75341
     6780.62    8.64622
     6781.62    8.61949
     6782.62    8.59922
     6783.61    8.56006
     6784.61    8.51831
     6785.60    8.49338
     6786.60    8.54591
     6787.59    8.57133
     6788.59    8.55035
     6789.58    8.60195
     6790.58    8.57547
     6791.58    8.58238
     6792.57    8.55324
     6793.57    8.56458
     6794.56    8.55841
     6795.56    8.51610
     6796.55    8.57689
     6797.55    8.58741
     6798.54    8.57667
     6799.54    8.63527
     6800.54    8.70120
     6801.53    8.75076
     6802.53    8.67871
     6803.52    8.70619
     6804.52    8.69457
     6805.51    8.75670
     6806.51    8.73542
     6807.50    8.69825
     6808.50    8.74966
     6809.50    8.72285
     6810.49    8.78939
     6811.49    8.72207
     6812.48    8.73940
     6813.48    8.77989
     6814.47    8.69987
     6815.47    8.64658
     6816.46    8.78190
     6817.46    8.81789
     6818.46    8.80005
     6819.45    8.75959
