     6184.00    5.16828
     6185.00    5.08942
     6186.00    5.04792
     6187.00    5.01655
     6188.00    5.00658
     6189.00    4.93124
     6190.00    4.85701
     6191.00    4.82982
     6192.00    4.81554
     6193.00    4.89017
     6194.00    4.98652
     6195.00    5.02929
     6196.00    5.08938
     6197.00    5.15653
     6198.00    5.14975
     6199.00    5.09108
     6200.00    5.08022
     6201.00    5.10600
     6202.00    5.10636
     6203.00    5.08847
     6204.00    5.14332
     6205.00    5.24475
     6206.00    5.29462
     6207.00    5.22308
     6208.00    5.14893
     6209.00    5.12896
     6210.00    5.02690
     6211.00    4.96500
     6212.00    4.95428
     6213.00    4.87804
     6214.00    4.84710
     6215.00    4.85595
     6216.00    4.78930
     6217.00    4.73556
     6218.00    4.81433
     6219.00    4.86801
     6220.00    4.80071
     6221.00    4.77271
     6222.00    4.90075
     6223.00    4.93451
     6224.00    4.91241
     6225.00    4.92618
     6226.00    4.88032
     6227.00    4.83850
     6228.00    4.79475
     6229.00    4.77276
     6230.00    4.80347
     6231.00    4.74263
     6232.00    4.77840
     6233.00    4.86451
     6234.00    4.89188
     6235.00    4.87862
     6236.00    4.87905
     6237.00    4.87948
     6238.00    4.86631
     6239.00    4.89265
     6240.00    4.83699
     6241.00    4.78737
     6242.00    4.71468
     6243.00    4.68672
     6244.00    4.73922
     6245.00    4.72563
     6246.00    4.77777
     6247.00    4.85520
     6248.00    4.89246
     6249.00    4.86985
     6250.00    4.85052
     6251.00    4.86735
     6252.00    4.81410
     6253.00    4.76373
     6254.00    4.73840
     6255.00    4.81033
     6256.00    4.74406
     6257.00    4.71482
     6258.00    4.78744
     6259.00    4.85855
     6260.00    4.90715
     6261.00    4.91241
     6262.00    4.93919
     6263.00    5.02486
     6264.00    5.01169
     6265.00    5.00594
     6266.00    5.08725
     6267.00    5.04069
     6268.00    5.03481
     6269.00    5.04426
     6270.00    5.04730
     6271.00    5.06395
     6272.00    5.06722
     6273.00    5.09606
     6274.00    5.03238
     6275.00    5.06729
     6276.00    5.12616
     6277.00    5.09847
     6278.00    5.03865
     6279.00    5.13027
     6280.00    5.10226
     6281.00    5.00256
     6282.00    5.10696
     6283.00    5.21197
     6284.00    5.18730
     6285.00    5.17140
     6286.00    5.21960
     6287.00    5.18741
     6288.00    5.24284
     6289.00    5.17005
     6290.00    5.20748
     6291.00    5.19497
     6292.00    5.17207
     6293.00    5.19145
     6294.00    5.04025
     6295.00    5.07103
     6296.00    5.06659
     6297.00    5.09770
     6298.00    4.98270
     6299.00    5.00250
     6300.00    5.03915
     6301.00    5.07419
     6302.00    4.96903
     6303.00    5.06156
     6304.00    5.04952
     6305.00    5.11102
     6306.00    5.22347
     6307.00    5.17143
     6308.00    5.26073
     6309.00    5.18231
     6310.00    5.22758
     6311.00    5.18939
     6312.00    5.15639
     6313.00    5.14449
     6314.00    5.08265
     6315.00    5.07612
     6316.00    5.01415
     6317.00    4.94898
     6318.00    4.94208
     6319.00    4.99817
     6320.00    5.02351
     6321.00    4.98993
     6322.00    5.08379
     6323.00    5.17085
     6324.00    5.27595
     6325.00    5.28810
     6326.00    5.25528
     6327.00    5.36849
     6328.00    5.30651
     6329.00    5.30428
     6330.00    5.37078
     6331.00    5.32950
     6332.00    5.31293
     6333.00    5.29863
     6334.00    5.27847
     6335.00    5.24535
     6336.00    5.24558
     6337.00    5.18695
     6338.00    5.14921
     6339.00    5.17362
     6340.00    5.21689
     6341.00    5.19578
     6342.00    5.14617
     6343.00    5.15430
     6344.00    5.12168
     6345.00    5.13439
     6346.00    5.24149
     6347.00    5.30160
     6348.00    5.34229
     6349.00    5.37323
     6350.00    5.38219
     6351.00    5.36693
     6352.00    5.32410
     6353.00    5.24923
     6354.00    5.25904
     6355.00    5.18367
     6356.00    5.06235
     6357.00    5.04129
     6358.00    5.04533
     6359.00    5.00248
     6360.00    4.94006
     6361.00    4.87820
     6362.00    4.90004
     6363.00    4.94570
     6364.00    4.97962
     6365.00    5.03385
     6366.00    5.14911
     6367.00    5.27490
     6368.00    5.32523
     6369.00    5.35926
     6370.00    5.35537
     6371.00    5.40827
     6372.00    5.44605
     6373.00    5.43185
     6374.00    5.44444
     6375.00    5.49901
     6376.00    5.47905
     6377.00    5.38349
     6378.00    5.41529
     6379.00    5.39508
     6380.00    5.34898
     6381.00    5.37666
     6382.00    5.41101
     6383.00    5.40597
     6384.00    5.42616
     6385.00    5.45809
     6386.00    5.46696
     6387.00    5.43881
     6388.00    5.45047
     6389.00    5.46390
     6390.00    5.43729
     6391.00    5.39964
     6392.00    5.37743
     6393.00    5.34557
     6394.00    5.27255
     6395.00    5.27536
     6396.00    5.34289
     6397.00    5.31738
     6398.00    5.27357
     6399.00    5.27383
     6400.00    5.32575
     6401.00    5.38805
     6402.00    5.35938
     6403.00    5.37362
     6404.00    5.45824
     6405.00    5.44201
     6406.00    5.38184
     6407.00    5.39747
     6408.00    5.36752
     6409.00    5.32967
     6410.00    5.32515
     6411.00    5.35032
     6412.00    5.39701
     6413.00    5.36505
     6414.00    5.34658
     6415.00    5.36565
     6416.00    5.35430
     6417.00    5.36776
     6418.00    5.34569
     6419.00    5.30241
     6420.00    5.29020
     6421.00    5.32588
     6422.00    5.37583
     6423.00    5.40868
     6424.00    5.45990
     6425.00    5.48578
     6426.00    5.46747
     6427.00    5.51658
     6428.00    5.54678
     6429.00    5.45748
     6430.00    5.41151
     6431.00    5.41480
     6432.00    5.37724
     6433.00    5.39487
     6434.00    5.44314
     6435.00    5.48914
     6436.00    5.52427
     6437.00    5.47052
     6438.00    5.40208
     6439.00    5.42128
     6440.00    5.45382
     6441.00    5.49644
     6442.00    5.53664
     6443.00    5.57724
     6444.00    5.54688
     6445.00    5.51165
     6446.00    5.56245
     6447.00    5.52301
     6448.00    5.30542
     6449.00    5.19411
     6450.00    5.29299
     6451.00    5.32190
     6452.00    5.25772
     6453.00    5.31027
     6454.00    5.35750
     6455.00    5.42734
     6456.00    5.49486
     6457.00    5.56312
     6458.00    5.61772
     6459.00    5.60173
     6460.00    5.54031
     6461.00    5.53552
     6462.00    5.50073
     6463.00    5.43837
     6464.00    5.47445
     6465.00    5.50437
     6466.00    5.52426
     6467.00    5.56470
     6468.00    5.66257
     6469.00    5.68461
     6470.00    5.67152
     6471.00    5.66944
     6472.00    5.67093
     6473.00    5.66795
     6474.00    5.67504
     6475.00    5.66050
     6476.00    5.63586
     6477.00    5.64134
     6478.00    5.68219
     6479.00    5.62395
     6480.00    5.62810
     6481.00    5.47702
     6482.00    5.42438
     6483.00    5.51585
     6484.00    5.49074
     6485.00    5.50485
     6486.00    5.48372
     6487.00    5.53733
     6488.00    5.39156
     6489.00    5.32698
     6490.00    5.32348
     6491.00    5.24806
     6492.00    5.17319
     6493.00    5.03544
     6494.00    4.96462
     6495.00    4.98564
     6496.00    4.89035
     6497.00    4.95197
     6498.00    5.02127
     6499.00    5.05220
     6500.00    5.19828
     6501.00    5.39440
     6502.00    5.36969
     6503.00    5.40580
     6504.00    5.46324
     6505.00    5.45428
     6506.00    5.49611
     6507.00    5.56679
     6508.00    5.56687
     6509.00    5.55029
     6510.00    5.51378
     6511.00    5.56472
     6512.00    5.57979
     6513.00    5.59496
     6514.00    5.50827
     6515.00    5.47586
     6516.00    5.57141
     6517.00    5.50797
     6518.00    5.49159
     6519.00    5.47286
     6520.00    5.51836
     6521.00    5.50779
     6522.00    5.51912
     6523.00    5.54790
     6524.00    5.53801
     6525.00    5.52813
     6526.00    5.51824
     6527.00    5.50835
     6528.00    5.49847
     6529.00    5.49847
     6530.00    5.45769
     6531.00    5.51298
     6532.00    5.47355
     6533.00    5.52024
     6534.00    5.53466
     6535.00    5.56978
     6536.00    5.59303
     6537.00    5.46396
     6538.00    5.58687
     6539.00    5.66988
     6540.00    5.67696
     6541.00    5.68788
     6542.00    5.54950
     6543.00    5.61025
     6544.00    5.47878
     6545.00    5.39149
     6546.00    5.40357
     6547.00    5.36900
     6548.00    5.34213
     6549.00    5.44792
     6550.00    5.44894
     6551.00    5.46155
     6552.00    5.36029
     6553.00    5.28341
     6554.00    5.26314
     6555.00    5.18456
     6556.00    5.10432
     6557.00    5.17239
     6558.00    5.01385
     6559.00    4.88985
     6560.00    4.83109
     6561.00    4.72129
     6562.00    4.63194
     6563.00    4.53860
     6564.00    4.64592
     6565.00    4.87282
     6566.00    4.97813
     6567.00    5.09402
     6568.00    5.16928
     6569.00    5.14633
     6570.00    5.23133
     6571.00    5.20096
     6572.00    5.19728
     6573.00    5.17242
     6574.00    5.28924
     6575.00    5.23457
     6576.00    5.20432
     6577.00    5.29514
     6578.00    5.35722
     6579.00    5.44216
     6580.00    5.38864
     6581.00    5.32011
     6582.00    5.41409
     6583.00    5.36210
     6584.00    5.39817
     6585.00    5.42370
     6586.00    5.45263
     6587.00    5.46335
     6588.00    5.44064
     6589.00    5.38638
     6590.00    5.34838
     6591.00    5.25186
     6592.00    5.20358
     6593.00    5.25205
     6594.00    5.23079
     6595.00    5.18585
     6596.00    5.29778
     6597.00    5.30055
     6598.00    5.28201
     6599.00    5.33312
     6600.00    5.36827
     6601.00    5.40698
     6602.00    5.38740
     6603.00    5.40306
     6604.00    5.34514
     6605.00    5.28319
     6606.00    5.25321
     6607.00    5.18071
     6608.00    5.19430
     6609.00    5.24374
     6610.00    5.26839
     6611.00    5.29553
     6612.00    5.36021
     6613.00    5.38252
     6614.00    5.34837
     6615.00    5.38900
     6616.00    5.38570
     6617.00    5.35686
     6618.00    5.40524
     6619.00    5.42394
     6620.00    5.41868
     6621.00    5.38962
     6622.00    5.35171
     6623.00    5.31164
     6624.00    5.25077
     6625.00    5.25022
     6626.00    5.24471
     6627.00    5.26560
     6628.00    5.26777
     6629.00    5.26582
     6630.00    5.19226
     6631.00    5.11421
     6632.00    5.11417
     6633.00    5.08760
     6634.00    5.06993
     6635.00    5.08975
     6636.00    5.16757
     6637.00    5.18564
     6638.00    5.23516
     6639.00    5.28141
     6640.00    5.29055
     6641.00    5.26205
     6642.00    5.22234
     6643.00    5.19526
     6644.00    5.15805
     6645.00    5.19051
     6646.00    5.27867
     6647.00    5.25125
     6648.00    5.18971
     6649.00    5.19645
     6650.00    5.23215
     6651.00    5.21962
     6652.00    5.22012
     6653.00    5.20371
     6654.00    5.21460
     6655.00    5.26674
     6656.00    5.23916
     6657.00    5.20554
     6658.00    5.22156
     6659.00    5.21404
     6660.00    5.15308
     6661.00    5.16011
     6662.00    5.09350
     6663.00    5.06299
     6664.00    5.07394
     6665.00    5.02475
     6666.00    5.05462
     6667.00    5.09428
     6668.00    5.11949
     6669.00    5.14753
     6670.00    5.16106
     6671.00    5.19552
     6672.00    5.21656
     6673.00    5.22428
     6674.00    5.20013
     6675.00    5.13749
     6676.00    5.07722
     6677.00    5.05512
     6678.00    5.00502
     6679.00    5.03272
     6680.00    5.08829
     6681.00    5.07165
     6682.00    5.06927
     6683.00    5.12112
     6684.00    5.14861
     6685.00    5.11649
     6686.00    5.12303
     6687.00    5.14235
     6688.00    5.16661
     6689.00    5.18081
     6690.00    5.21251
     6691.00    5.19809
     6692.00    5.14151
     6693.00    5.12463
     6694.00    5.08709
     6695.00    5.07787
     6696.00    5.08642
     6697.00    5.06165
     6698.00    5.04225
     6699.00    5.08677
     6700.00    5.10772
     6701.00    5.10497
     6702.00    5.10226
     6703.00    5.13854
     6704.00    5.14936
     6705.00    5.16836
     6706.00    5.16398
     6707.00    5.14676
     6708.00    5.10798
     6709.00    5.09017
     6710.00    5.06679
     6711.00    5.05666
     6712.00    5.04124
     6713.00    5.01185
     6714.00    4.93909
     6715.00    4.88178
     6716.00    4.90724
     6717.00    4.90711
     6718.00    4.88110
     6719.00    4.99579
     6720.00    4.99237
     6721.00    4.97641
     6722.00    5.04655
     6723.00    5.07271
     6724.00    5.11762
     6725.00    5.12362
     6726.00    5.09064
     6727.00    5.06190
     6728.00    5.09371
     6729.00    5.07444
     6730.00    5.10066
     6731.00    5.13059
     6732.00    5.14266
     6733.00    5.11056
     6734.00    5.11302
     6735.00    5.13030
     6736.00    5.07109
     6737.00    5.05848
     6738.00    5.09139
     6739.00    5.00888
     6740.00    4.93332
     6741.00    4.99601
     6742.00    5.03208
     6743.00    4.99266
     6744.00    4.97483
     6745.00    5.01564
     6746.00    4.98580
     6747.00    5.00282
     6748.00    4.94785
     6749.00    5.01260
     6750.00    5.01416
     6751.00    5.00829
     6752.00    4.94522
     6753.00    5.02567
     6754.00    5.06924
     6755.00    5.07092
     6756.00    5.08918
     6757.00    5.15968
     6758.00    5.13343
     6759.00    5.17307
     6760.00    5.20251
     6761.00    5.18456
     6762.00    5.09150
     6763.00    5.08079
     6764.00    5.06940
     6765.00    5.05499
     6766.00    5.14165
     6767.00    5.01925
     6768.00    5.06204
     6769.00    5.01735
     6770.00    5.11524
     6771.00    5.00940
     6772.00    5.12590
     6773.00    5.08418
     6774.00    5.17824
     6775.00    5.19518
     6776.00    5.24844
     6777.00    5.23632
     6778.00    5.24942
     6779.00    5.14762
     6780.00    5.14872
     6781.00    5.08844
     6782.00    5.11734
     6783.00    5.00247
     6784.00    4.99485
     6785.00    5.01050
     6786.00    4.98899
     6787.00    5.12752
     6788.00    5.13743
     6789.00    5.08478
     6790.00    5.10664
     6791.00    5.09576
     6792.00    5.05900
     6793.00    5.03806
     6794.00    5.01545
     6795.00    5.06965
     6796.00    5.04728
     6797.00    5.05499
     6798.00    5.10534
     6799.00    5.14269
     6800.00    5.11880
     6801.00    5.11125
     6802.00    5.10059
     6803.00    5.09660
     6804.00    5.15656
     6805.00    5.14396
     6806.00    5.03584
     6807.00    5.11563
     6808.00    5.11458
     6809.00    5.12967
     6810.00    5.11141
     6811.00    5.09844
     6812.00    5.15966
     6813.00    5.17833
     6814.00    5.12984
     6815.00    5.13613
     6816.00    5.18111
     6817.00    5.15102
     6818.00    5.11188
     6819.00    5.10327
     6820.00    5.21105
     6821.00    5.22868
     6822.00    5.16314
     6823.00    5.17136
     6824.00    5.24824
     6825.00    5.21196
     6826.00    5.15574
     6827.00    5.18522
     6828.00    5.16778
     6829.00    5.14737
