    6189.00    8.01221
    6190.00    7.99777
    6191.00    7.97093
    6192.00    7.86085
    6193.00    7.99493
    6194.00    8.05446
    6195.00    8.05434
    6196.00    8.17939
    6197.00    8.24181
    6198.00    8.34041
    6199.00    8.30364
    6200.00    8.30872
    6201.00    8.43013
    6202.00    8.37531
    6203.00    8.47115
    6204.00    8.45495
    6205.00    8.49233
    6206.00    8.43196
    6207.00    8.49167
    6208.00    8.39620
    6209.00    8.33693
    6210.00    8.31892
    6211.00    8.16813
    6212.00    8.12116
    6213.00    8.05658
    6214.00    7.93180
    6215.00    7.82680
    6216.00    7.97071
    6217.00    7.82259
    6218.00    7.87541
    6219.00    7.87101
    6220.00    7.93005
    6221.00    7.91335
    6222.00    7.91837
    6223.00    7.93353
    6224.00    7.95346
    6225.00    8.07627
    6226.00    8.14107
    6227.00    8.00382
    6228.00    7.97729
    6229.00    7.90413
    6230.00    7.89289
    6231.00    7.85295
    6232.00    7.93928
    6233.00    8.06799
    6234.00    8.12745
    6235.00    8.06395
    6236.00    8.09052
    6237.00    8.15064
    6238.00    8.09455
    6239.00    7.92879
    6240.00    7.92112
    6241.00    7.80602
    6242.00    7.78956
    6243.00    7.89753
    6244.00    7.87388
    6245.00    7.88961
    6246.00    7.92685
    6247.00    7.90529
    6248.00    8.12145
    6249.00    8.17419
    6250.00    8.06251
    6251.00    8.05458
    6252.00    7.93276
    6253.00    7.84231
    6254.00    7.83234
    6255.00    7.78727
    6256.00    7.77115
    6257.00    7.74022
    6258.00    7.74066
    6259.00    7.82878
    6260.00    7.87291
    6261.00    8.03901
    6262.00    8.16084
    6263.00    8.28743
    6264.00    8.31807
    6265.00    8.34590
    6266.00    8.39247
    6267.00    8.28258
    6268.00    8.38849
    6269.00    8.37124
    6270.00    8.32993
    6271.00    8.47117
    6272.00    8.42449
    6273.00    8.41850
    6274.00    8.37869
    6275.00    8.37069
    6276.00    8.37675
    6277.00    8.44958
    6278.00    8.49706
    6279.00    8.50042
    6280.00    8.33517
    6281.00    8.37626
    6282.00    8.30549
    6283.00    8.51308
    6284.00    8.49352
    6285.00    8.50700
    6286.00    8.58736
    6287.00    8.63916
    6288.00    8.71602
    6289.00    8.66245
    6290.00    8.64838
    6291.00    8.63833
    6292.00    8.55941
    6293.00    8.64557
    6294.00    8.47310
    6295.00    8.38498
    6296.00    8.50556
    6297.00    8.35137
    6298.00    8.38812
    6299.00    8.31002
    6300.00    8.29271
    6301.00    8.32688
    6302.00    8.35026
    6303.00    8.34360
    6304.00    8.36535
    6305.00    8.49267
    6306.00    8.49586
    6307.00    8.50132
    6308.00    8.61226
    6309.00    8.62475
    6310.00    8.50565
    6311.00    8.44461
    6312.00    8.36988
    6313.00    8.37243
    6314.00    8.39734
    6315.00    8.31975
    6316.00    8.21739
    6317.00    8.10782
    6318.00    8.10840
    6319.00    8.25426
    6320.00    8.24640
    6321.00    8.30610
    6322.00    8.39536
    6323.00    8.50572
    6324.00    8.60341
    6325.00    8.57516
    6326.00    8.73150
    6327.00    8.76529
    6328.00    8.71841
    6329.00    8.77612
    6330.00    8.71029
    6331.00    8.62373
    6332.00    8.67795
    6333.00    8.65906
    6334.00    8.52181
    6335.00    8.46576
    6336.00    8.53445
    6337.00    8.50039
    6338.00    8.40635
    6339.00    8.44244
    6340.00    8.41231
    6341.00    8.32374
    6342.00    8.40373
    6343.00    8.40718
    6344.00    8.41334
    6345.00    8.45753
    6346.00    8.46124
    6347.00    8.48448
    6348.00    8.49925
    6349.00    8.51778
    6350.00    8.56517
    6351.00    8.62062
    6352.00    8.62078
    6353.00    8.54758
    6354.00    8.41980
    6355.00    8.31774
    6356.00    8.24430
    6357.00    8.13432
    6358.00    8.04918
    6359.00    7.99565
    6360.00    7.97190
    6361.00    7.94618
    6362.00    7.93030
    6363.00    7.93380
    6364.00    8.00611
    6365.00    8.14592
    6366.00    8.26826
    6367.00    8.36655
    6368.00    8.45282
    6369.00    8.55890
    6370.00    8.66192
    6371.00    8.70066
    6372.00    8.69470
    6373.00    8.77047
    6374.00    8.86358
    6375.00    8.79044
    6376.00    8.75091
    6377.00    8.77099
    6378.00    8.68199
    6379.00    8.65407
    6380.00    8.70171
    6381.00    8.66948
    6382.00    8.65490
    6383.00    8.68881
    6384.00    8.71150
    6385.00    8.71675
    6386.00    8.78101
    6387.00    8.71339
    6388.00    8.68014
    6389.00    8.74973
    6390.00    8.72375
    6391.00    8.66300
    6392.00    8.63295
    6393.00    8.61938
    6394.00    8.60490
    6395.00    8.59099
    6396.00    8.54539
    6397.00    8.59878
    6398.00    8.61505
    6399.00    8.48092
    6400.00    8.50659
    6401.00    8.62838
    6402.00    8.65891
    6403.00    8.61518
    6404.00    8.60271
    6405.00    8.64525
    6406.00    8.61726
    6407.00    8.63717
    6408.00    8.66835
    6409.00    8.59103
    6410.00    8.55231
    6411.00    8.60510
    6412.00    8.61259
    6413.00    8.57950
    6414.00    8.61338
    6415.00    8.64972
    6416.00    8.58861
    6417.00    8.55896
    6418.00    8.58861
    6419.00    8.60252
    6420.00    8.62832
    6421.00    8.63413
    6422.00    8.64527
    6423.00    8.69691
    6424.00    8.72079
    6425.00    8.79798
    6426.00    8.89284
    6427.00    8.85645
    6428.00    8.74776
    6429.00    8.66932
    6430.00    8.60746
    6431.00    8.60073
    6432.00    8.61090
    6433.00    8.64184
    6434.00    8.75299
    6435.00    8.78965
    6436.00    8.73804
    6437.00    8.74596
    6438.00    8.71413
    6439.00    8.76056
    6440.00    8.81641
    6441.00    8.87707
    6442.00    8.96022
    6443.00    9.03586
    6444.00    8.94499
    6445.00    8.81488
    6446.00    8.83158
    6447.00    8.78802
    6448.00    8.71615
    6449.00    8.57914
    6450.00    8.52532
    6451.00    8.57057
    6452.00    8.52100
    6453.00    8.60191
    6454.00    8.73900
    6455.00    8.75695
    6456.00    8.79184
    6457.00    8.87172
    6458.00    8.86366
    6459.00    8.95024
    6460.00    8.94975
    6461.00    8.96176
    6462.00    8.85821
    6463.00    8.79160
    6464.00    8.89908
    6465.00    8.91121
    6466.00    9.01235
    6467.00    9.05492
    6468.00    9.02231
    6469.00    8.99951
    6470.00    9.01209
    6471.00    9.08119
    6472.00    9.17351
    6473.00    9.21848
    6474.00    9.19139
    6475.00    9.16776
    6476.00    9.10249
    6477.00    9.08652
    6478.00    9.09305
    6479.00    9.11835
    6480.00    8.94101
    6481.00    8.81726
    6482.00    8.86405
    6483.00    8.82453
    6484.00    8.73686
    6485.00    8.84896
    6486.00    8.90643
    6487.00    8.86262
    6488.00    8.84709
    6489.00    8.71468
    6490.00    8.60578
    6491.00    8.51350
    6492.00    8.33848
    6493.00    8.33443
    6494.00    8.19923
    6495.00    8.13403
    6496.00    8.05347
    6497.00    8.05037
    6498.00    8.17400
    6499.00    8.24792
    6500.00    8.34866
    6501.00    8.44526
    6502.00    8.49026
    6503.00    8.65660
    6504.00    8.80985
    6505.00    8.93296
    6506.00    8.99339
    6507.00    8.92943
    6508.00    8.84704
    6509.00    8.92046
    6510.00    8.88467
    6511.00    8.91250
    6512.00    8.95852
    6513.00    9.01983
    6514.00    8.98077
    6515.00    8.90656
    6516.00    8.99917
    6517.00    8.97637
    6518.00    8.97539
    6519.00    8.95061
    6520.00    8.95414
    6521.00    8.99693
    6522.00    8.96321
    6523.00    8.93997
    6524.00    9.07458
    6525.00    9.09802
    6526.00    9.01629
    6527.00    9.00353
    6528.00    9.02477
    6529.00    9.07436
    6530.00    9.05671
    6531.00    8.90921
    6532.00    8.89545
    6533.00    8.96855
    6534.00    9.03313
    6535.00    9.01379
    6536.00    9.04453
    6537.00    9.15337
    6538.00    9.07103
    6539.00    9.16667
    6540.00    9.11834
    6541.00    9.07214
    6542.00    9.06151
    6543.00    8.95689
    6544.00    8.90563
    6545.00    8.91466
    6546.00    8.92779
    6547.00    8.91165
    6548.00    8.83027
    6549.00    8.75997
    6550.00    8.76724
    6551.00    8.75701
    6552.00    8.74653
    6553.00    8.59717
    6554.00    8.47808
    6555.00    8.40778
    6556.00    8.36939
    6557.00    8.28081
    6558.00    8.12582
    6559.00    8.05749
    6560.00    8.02400
    6561.00    7.86030
    6562.00    7.82663
    6563.00    7.80493
    6564.00    7.85191
    6565.00    7.88418
    6566.00    8.01945
    6567.00    8.24086
    6568.00    8.32481
    6569.00    8.33301
    6570.00    8.32730
    6571.00    8.41089
    6572.00    8.49552
    6573.00    8.48675
    6574.00    8.41793
    6575.00    8.46346
    6576.00    8.61975
    6577.00    8.60926
    6578.00    8.60475
    6579.00    8.65269
    6580.00    8.67919
    6581.00    8.75748
    6582.00    8.73974
    6583.00    8.66883
    6584.00    8.69475
    6585.00    8.78397
    6586.00    8.73536
    6587.00    8.71004
    6588.00    8.85574
    6589.00    8.76518
    6590.00    8.64059
    6591.00    8.58622
    6592.00    8.58180
    6593.00    8.52798
    6594.00    8.43656
    6595.00    8.52536
    6596.00    8.57222
    6597.00    8.52357
    6598.00    8.60863
    6599.00    8.64400
    6600.00    8.65436
    6601.00    8.67164
    6602.00    8.72465
    6603.00    8.65091
    6604.00    8.69798
    6605.00    8.70150
    6606.00    8.63372
    6607.00    8.56629
    6608.00    8.55387
    6609.00    8.54568
    6610.00    8.49565
    6611.00    8.60161
    6612.00    8.71033
    6613.00    8.71509
    6614.00    8.76108
    6615.00    8.77468
    6616.00    8.81947
    6617.00    8.84778
    6618.00    8.78338
    6619.00    8.76778
    6620.00    8.81916
    6621.00    8.74841
    6622.00    8.67260
    6623.00    8.62206
    6624.00    8.58976
    6625.00    8.59459
    6626.00    8.64708
    6627.00    8.68445
    6628.00    8.62171
    6629.00    8.56521
    6630.00    8.55071
    6631.00    8.54193
    6632.00    8.50402
    6633.00    8.46201
    6634.00    8.48308
    6635.00    8.50549
    6636.00    8.53249
    6637.00    8.58493
    6638.00    8.57272
    6639.00    8.55926
    6640.00    8.65943
    6641.00    8.62548
    6642.00    8.57172
    6643.00    8.62636
    6644.00    8.64704
    6645.00    8.68453
    6646.00    8.64898
    6647.00    8.63668
    6648.00    8.73246
    6649.00    8.69968
    6650.00    8.65321
    6651.00    8.73152
    6652.00    8.75549
    6653.00    8.69207
    6654.00    8.69072
    6655.00    8.65939
    6656.00    8.60466
    6657.00    8.56176
    6658.00    8.57873
    6659.00    8.57567
    6660.00    8.54642
    6661.00    8.53512
    6662.00    8.44957
    6663.00    8.48129
    6664.00    8.52905
    6665.00    8.47764
    6666.00    8.48323
    6667.00    8.54091
    6668.00    8.62657
    6669.00    8.70284
    6670.00    8.75205
    6671.00    8.73478
    6672.00    8.72631
    6673.00    8.74598
    6674.00    8.78896
    6675.00    8.81815
    6676.00    8.69154
    6677.00    8.62483
    6678.00    8.60980
    6679.00    8.58192
    6680.00    8.64531
    6681.00    8.65487
    6682.00    8.69442
    6683.00    8.77538
    6684.00    8.79860
    6685.00    8.81184
    6686.00    8.83520
    6687.00    8.85603
    6688.00    8.85625
    6689.00    8.80267
    6690.00    8.81126
    6691.00    8.85330
    6692.00    8.84437
    6693.00    8.84685
    6694.00    8.77831
    6695.00    8.68979
    6696.00    8.71245
    6697.00    8.71955
    6698.00    8.73700
    6699.00    8.79805
    6700.00    8.86346
    6701.00    8.86370
    6702.00    8.84047
    6703.00    8.87438
    6704.00    8.89228
    6705.00    8.88823
    6706.00    8.91668
    6707.00    8.89308
    6708.00    8.91039
    6709.00    8.90267
    6710.00    8.80619
    6711.00    8.81441
    6712.00    8.79429
    6713.00    8.63238
    6714.00    8.53464
    6715.00    8.55573
    6716.00    8.50278
    6717.00    8.49361
    6718.00    8.54651
    6719.00    8.65671
    6720.00    8.70122
    6721.00    8.75189
    6722.00    8.79081
    6723.00    8.82428
    6724.00    8.90845
    6725.00    8.94901
    6726.00    8.93937
    6727.00    8.84918
    6728.00    8.89332
    6729.00    8.98001
    6730.00    8.96734
    6731.00    8.96332
    6732.00    9.06079
    6733.00    9.05652
    6734.00    9.02363
    6735.00    8.95397
    6736.00    8.96075
    6737.00    8.91002
    6738.00    8.83945
    6739.00    8.86259
    6740.00    8.92730
    6741.00    8.83947
    6742.00    8.85602
    6743.00    8.87897
    6744.00    8.82597
    6745.00    8.75156
    6746.00    8.78823
    6747.00    8.77271
    6748.00    8.82074
    6749.00    8.81291
    6750.00    8.72458
    6751.00    8.75709
    6752.00    8.82863
    6753.00    8.79589
    6754.00    8.79870
    6755.00    8.96570
    6756.00    8.92088
    6757.00    8.88033
    6758.00    8.94963
    6759.00    9.05451
    6760.00    9.09151
    6761.00    9.04715
    6762.00    9.08681
    6763.00    9.03568
    6764.00    9.00053
    6765.00    8.98244
    6766.00    8.88153
    6767.00    8.81941
    6768.00    8.81558
    6769.00    8.88143
    6770.00    8.96016
    6771.00    8.98302
    6772.00    9.00707
    6773.00    9.09942
    6774.00    9.15820
    6775.00    9.10343
    6776.00    9.05782
    6777.00    9.13829
    6778.00    9.06928
    6779.00    9.06512
    6780.00    9.07678
    6781.00    8.97326
    6782.00    8.89709
    6783.00    8.90079
    6784.00    8.75879
    6785.00    8.78914
    6786.00    8.78410
    6787.00    8.74823
    6788.00    8.84530
    6789.00    8.82091
    6790.00    8.88202
    6791.00    8.88693
    6792.00    8.87361
    6793.00    8.87028
    6794.00    8.82807
    6795.00    8.79396
    6796.00    8.77405
    6797.00    8.83115
    6798.00    8.92406
    6799.00    8.84159
    6800.00    8.80671
    6801.00    8.81583
    6802.00    8.90827
    6803.00    8.93781
    6804.00    8.90374
    6805.00    8.93318
    6806.00    8.87756
    6807.00    8.88107
    6808.00    8.88915
    6809.00    8.93880
    6810.00    8.97202
    6811.00    8.93362
    6812.00    8.88301
    6813.00    8.81362
    6814.00    8.79226
    6815.00    8.94458
    6816.00    8.91770
    6817.00    8.96197
    6818.00    8.94549
    6819.00    8.92919
    6820.00    9.01944
    6821.00    9.05545
    6822.00    9.02512
    6823.00    9.01975
    6824.00    9.05873
    6825.00    9.03451
    6826.00    9.02481
    6827.00    9.09383
    6828.00    9.04002
    6829.00    9.08495
    6830.00    9.02038
    6831.00    9.03385
    6832.00    8.92281
    6833.00    9.07858
    6834.00    8.93752
    6835.00    9.04664
