     6183.15    6.82180
     6184.15    6.87760
     6185.14    6.89104
     6186.14    6.79389
     6187.13    6.78293
     6188.13    6.63721
     6189.12    6.64122
     6190.12    6.56581
     6191.12    6.60342
     6192.11    6.65712
     6193.11    6.73535
     6194.10    6.81931
     6195.10    6.91347
     6196.09    6.95078
     6197.09    6.89781
     6198.09    6.93615
     6199.08    6.90924
     6200.08    6.98366
     6201.07    6.98404
     6202.07    6.94541
     6203.06    7.07519
     6204.06    7.21260
     6205.06    7.08873
     6206.05    7.05063
     6207.05    7.07081
     6208.04    7.03535
     6209.04    7.04730
     6210.03    6.89515
     6211.03    6.92673
     6212.02    6.89550
     6213.02    6.82588
     6214.02    6.68549
     6215.01    6.64784
     6216.01    6.64476
     6217.00    6.53299
     6218.00    6.68286
     6218.99    6.73139
     6219.99    6.72798
     6220.99    6.74683
     6221.98    6.74242
     6222.98    6.76703
     6223.97    6.79454
     6224.97    6.72966
     6225.96    6.87862
     6226.96    6.67597
     6227.96    6.63251
     6228.95    6.77843
     6229.95    6.66256
     6230.94    6.59017
     6231.94    6.67220
     6232.93    6.75906
     6233.93    6.74114
     6234.93    6.86337
     6235.92    6.93112
     6236.92    6.83995
     6237.91    6.73960
     6238.91    6.60664
     6239.90    6.65560
     6240.90    6.60776
     6241.90    6.58931
     6242.89    6.52372
     6243.89    6.54464
     6244.88    6.61619
     6245.88    6.70626
     6246.87    6.66805
     6247.87    6.68890
     6248.86    6.67074
     6249.86    6.70625
     6250.86    6.76554
     6251.85    6.77168
     6252.85    6.66335
     6253.84    6.54162
     6254.84    6.42899
     6255.83    6.49272
     6256.83    6.48262
     6257.83    6.47653
     6258.82    6.55531
     6259.82    6.65165
     6260.81    6.75450
     6261.81    6.73340
     6262.80    6.82330
     6263.80    6.89364
     6264.80    6.97360
     6265.79    6.94416
     6266.79    6.92147
     6267.78    6.84766
     6268.78    6.96057
     6269.77    6.95906
     6270.77    6.92859
     6271.77    6.86977
     6272.76    6.91343
     6273.76    6.94684
     6274.75    7.02805
     6275.75    7.00315
     6276.74    6.99864
     6277.74    6.92194
     6278.73    7.01750
     6279.73    6.89010
     6280.73    6.88756
     6281.72    6.97124
     6282.72    7.05246
     6283.71    7.03673
     6284.71    7.07732
     6285.70    7.04543
     6286.70    7.14890
     6287.70    7.17921
     6288.69    7.19317
     6289.69    7.14537
     6290.68    7.08878
     6291.68    7.12310
     6292.67    7.03711
     6293.67    6.95900
     6294.67    6.93185
     6295.66    6.92737
     6296.66    6.89601
     6297.65    6.94705
     6298.65    6.85491
     6299.64    6.83878
     6300.64    6.76217
     6301.64    6.82010
     6302.63    6.85487
     6303.63    6.83099
     6304.62    6.94138
     6305.62    7.04180
     6306.61    7.09389
     6307.61    7.16601
     6308.61    7.07894
     6309.60    7.06019
     6310.60    7.00330
     6311.59    6.96021
     6312.59    6.91862
     6313.58    6.93692
     6314.58    6.86668
     6315.58    6.80768
     6316.57    6.82960
     6317.57    6.83517
     6318.56    6.78822
     6319.56    6.82250
     6320.55    6.91555
     6321.55    6.98513
     6322.54    6.97639
     6323.54    7.02226
     6324.54    7.09150
     6325.53    7.15133
     6326.53    7.07774
     6327.52    7.01057
     6328.52    7.05880
     6329.51    7.11042
     6330.51    7.09662
     6331.51    7.13060
     6332.50    7.05000
     6333.50    6.99170
     6334.49    6.93285
     6335.49    6.98507
     6336.48    6.97154
     6337.48    6.94677
     6338.48    6.94968
     6339.47    6.97413
     6340.47    7.01251
     6341.46    7.01021
     6342.46    6.99345
     6343.45    7.02356
     6344.45    7.04992
     6345.45    7.05795
     6346.44    7.08879
     6347.44    7.14766
     6348.43    7.21076
     6349.43    7.17330
     6350.42    7.16211
     6351.42    7.10851
     6352.42    7.13044
     6353.41    7.10272
     6354.41    7.06026
     6355.40    7.00442
     6356.40    6.93234
     6357.39    6.78878
     6358.39    6.79371
     6359.38    6.75981
     6360.38    6.69101
     6361.38    6.73462
     6362.37    6.76165
     6363.37    6.74255
     6364.36    6.75463
     6365.36    6.94202
     6366.35    7.00437
     6367.35    7.10202
     6368.35    7.15947
     6369.34    7.22294
     6370.34    7.26607
     6371.33    7.21069
     6372.33    7.27738
     6373.32    7.30828
     6374.32    7.27017
     6375.32    7.24708
     6376.31    7.27081
     6377.31    7.22291
     6378.30    7.21546
     6379.30    7.27299
     6380.29    7.21610
     6381.29    7.13740
     6382.29    7.23161
     6383.28    7.23604
     6384.28    7.29180
     6385.27    7.26028
     6386.27    7.26651
     6387.26    7.24855
     6388.26    7.19404
     6389.25    7.21987
     6390.25    7.19788
     6391.25    7.19998
     6392.24    7.21361
     6393.24    7.09809
     6394.23    7.11212
     6395.23    7.11950
     6396.22    6.99929
     6397.22    7.02031
     6398.22    7.08179
     6399.21    7.10967
     6400.21    7.11657
     6401.20    7.06190
     6402.20    7.10309
     6403.19    7.15908
     6404.19    7.22106
     6405.19    7.21660
     6406.18    7.19860
     6407.18    7.16943
     6408.17    7.17177
     6409.17    7.14076
     6410.16    7.14263
     6411.16    7.06450
     6412.16    7.11251
     6413.15    7.13679
     6414.15    7.09528
     6415.14    7.10032
     6416.14    7.12558
     6417.13    7.10996
     6418.13    7.04464
     6419.13    7.01613
     6420.12    7.03716
     6421.12    7.06325
     6422.11    7.09138
     6423.11    7.22571
     6424.10    7.21296
     6425.10    7.26907
     6426.10    7.27045
     6427.09    7.22170
     6428.09    7.22952
     6429.08    7.18267
     6430.08    7.06304
     6431.07    7.04400
     6432.07    7.11252
     6433.06    7.21315
     6434.06    7.18831
     6435.06    7.14070
     6436.05    7.09877
     6437.05    7.14843
     6438.04    7.12860
     6439.04    7.15205
     6440.03    7.14074
     6441.03    7.22170
     6442.03    7.19103
     6443.02    7.30356
     6444.02    7.28087
     6445.01    7.21695
     6446.01    7.12808
     6447.00    6.97175
     6448.00    6.90029
     6449.00    6.98889
     6449.99    7.06374
     6450.99    6.90027
     6451.98    6.89815
     6452.98    7.08567
     6453.97    7.08713
     6454.97    7.04066
     6455.97    7.17328
     6456.96    7.24986
     6457.96    7.22818
     6458.95    7.23697
     6459.95    7.20299
     6460.94    7.17969
     6461.94    7.14204
     6462.94    7.12096
     6463.93    7.13468
     6464.93    7.13175
     6465.92    7.23244
     6466.92    7.26003
     6467.91    7.26400
     6468.91    7.32078
     6469.90    7.36468
     6470.90    7.35271
     6471.90    7.44030
     6472.89    7.39284
     6473.89    7.40015
     6474.88    7.42371
     6475.88    7.35830
     6476.87    7.37323
     6477.87    7.40524
     6478.87    7.36750
     6479.86    7.21119
     6480.86    7.22579
     6481.85    7.27495
     6482.85    7.23901
     6483.84    7.24434
     6484.84    7.22718
     6485.84    7.17760
     6486.83    7.20829
     6487.83    7.06397
     6488.82    6.99919
     6489.82    7.03855
     6490.81    6.95125
     6491.81    6.86999
     6492.81    6.77283
     6493.80    6.70931
     6494.80    6.58830
     6495.79    6.60394
     6496.79    6.62520
     6497.78    6.70929
     6498.78    6.75568
     6499.77    6.86556
     6500.77    7.04023
     6501.77    7.11226
     6502.76    7.13097
     6503.76    7.16929
     6504.75    7.20946
     6505.75    7.29352
     6506.74    7.31543
     6507.74    7.29783
     6508.74    7.30862
     6509.73    7.37021
     6510.73    7.38889
     6511.72    7.38075
     6512.72    7.37852
     6513.71    7.36308
     6514.71    7.29859
     6515.71    7.21367
     6516.70    7.25207
     6517.70    7.27571
     6518.69    7.23507
     6519.69    7.19755
     6520.68    7.32600
     6521.68    7.38927
     6522.68    7.34449
     6523.67    7.25438
     6524.67    7.30660
     6525.66    7.38950
     6526.66    7.36267
     6527.65    7.40118
     6528.65    7.38080
     6529.65    7.36762
     6530.64    7.34008
     6531.64    7.28527
     6532.63    7.34872
     6533.63    7.33722
     6534.62    7.35959
     6535.62    7.35464
     6536.62    7.41933
     6537.61    7.45234
     6538.61    7.48132
     6539.60    7.47609
     6540.60    7.46310
     6541.59    7.41827
     6542.59    7.37068
     6543.58    7.29365
     6544.58    7.23843
     6545.58    7.27859
     6546.57    7.22621
     6547.57    7.28063
     6548.56    7.30788
     6549.56    7.31090
     6550.55    7.21029
     6551.55    7.09751
     6552.55    7.08063
     6553.54    7.12394
     6554.54    6.98359
     6555.53    6.91422
     6556.53    6.83979
     6557.52    6.67941
     6558.52    6.62715
     6559.52    6.51585
     6560.51    6.41875
     6561.51    6.41115
     6562.50    6.45155
     6563.50    6.40473
     6564.49    6.50216
     6565.49    6.52862
     6566.49    6.56519
     6567.48    6.72033
     6568.48    6.95049
     6569.47    6.94429
     6570.47    6.95772
     6571.46    7.00607
     6572.46    7.01559
     6573.46    7.03596
     6574.45    6.99460
     6575.45    7.07334
     6576.44    7.08014
     6577.44    7.19636
     6578.43    7.20852
     6579.43    7.25577
     6580.42    7.22858
     6581.42    7.38061
     6582.42    7.46340
     6583.41    7.44153
     6584.41    7.44029
     6585.40    7.38389
     6586.40    7.27531
     6587.39    7.26092
     6588.39    7.26867
     6589.39    7.12904
     6590.38    7.14879
     6591.38    7.10013
     6592.37    7.04739
     6593.37    6.91492
     6594.36    6.99016
     6595.36    7.01005
     6596.36    7.01483
     6597.35    7.04275
     6598.35    7.12005
     6599.34    7.22506
     6600.34    7.25225
     6601.33    7.19486
     6602.33    7.21400
     6603.33    7.19380
     6604.32    7.10453
     6605.32    7.14631
     6606.31    7.06703
     6607.31    7.08572
     6608.30    7.05978
     6609.30    7.09902
     6610.30    7.11964
     6611.29    7.10553
     6612.29    7.17720
     6613.28    7.23787
     6614.28    7.21792
     6615.27    7.26881
     6616.27    7.24971
     6617.27    7.30110
     6618.26    7.25306
     6619.26    7.23428
     6620.25    7.27586
     6621.25    7.26484
     6622.24    7.16333
     6623.24    7.17301
     6624.23    7.15046
     6625.23    7.13939
     6626.23    7.15160
     6627.22    7.10457
     6628.22    7.04953
     6629.21    7.00604
     6630.21    7.04790
     6631.20    7.01089
     6632.20    6.97613
     6633.20    6.99949
     6634.19    6.93285
     6635.19    7.02979
     6636.18    7.02669
     6637.18    7.03799
     6638.17    7.08843
     6639.17    7.14634
     6640.17    7.05555
     6641.16    7.10644
     6642.16    7.07463
     6643.15    7.03967
     6644.15    7.07274
     6645.14    7.07543
     6646.14    7.08832
     6647.14    7.09518
     6648.13    7.09960
     6649.13    7.13600
     6650.12    7.12837
     6651.12    7.09898
     6652.11    7.09997
     6653.11    7.08531
     6654.10    7.12462
     6655.10    7.12219
     6656.10    7.07268
     6657.09    7.08199
     6658.09    7.04820
     6659.08    7.01896
     6660.08    6.96541
     6661.07    6.96275
     6662.07    6.89567
     6663.07    6.89341
     6664.06    6.91147
     6665.06    6.92436
     6666.05    6.97960
     6667.05    7.00631
     6668.04    7.00359
     6669.04    7.01114
     6670.04    7.11610
     6671.03    7.13113
     6672.03    7.07539
     6673.02    7.09432
     6674.02    7.07210
     6675.01    7.04800
     6676.01    7.00826
     6677.01    6.97861
     6678.00    6.94306
     6679.00    6.92261
     6679.99    6.93244
     6680.99    7.02302
     6681.98    7.03633
     6682.98    7.03262
     6683.98    7.00985
     6684.97    7.02659
     6685.97    7.06176
     6686.96    7.11274
     6687.96    7.09191
     6688.95    7.09187
     6689.95    7.09889
     6690.94    7.05205
     6691.94    7.03303
     6692.94    7.08345
     6693.93    7.00773
     6694.93    6.97082
     6695.92    6.93190
     6696.92    6.98051
     6697.91    6.93806
     6698.91    6.95088
     6699.91    7.02016
     6700.90    6.99821
     6701.90    6.97585
     6702.89    7.02918
     6703.89    7.03223
     6704.88    7.02996
     6705.88    7.02822
     6706.88    7.00589
     6707.87    7.03273
     6708.87    7.02214
     6709.86    6.97313
     6710.86    6.92294
     6711.85    6.94409
     6712.85    6.90330
     6713.85    6.89047
     6714.84    6.85911
     6715.84    6.89520
     6716.83    6.88924
     6717.83    6.84832
     6718.82    6.89804
     6719.82    6.89428
     6720.82    6.87581
     6721.81    6.89716
     6722.81    6.96069
     6723.80    6.94566
     6724.80    6.95132
     6725.79    6.97046
     6726.79    7.07988
     6727.79    7.02795
     6728.78    7.05620
     6729.78    7.12607
     6730.77    7.12550
     6731.77    7.15707
     6732.76    7.12564
     6733.76    7.04983
     6734.75    6.93029
     6735.75    6.95119
     6736.75    6.92129
     6737.74    6.90683
     6738.74    6.89384
     6739.73    6.89254
     6740.73    6.82546
     6741.72    6.91702
     6742.72    6.88705
     6743.72    6.86376
     6744.71    6.87836
     6745.71    6.83023
     6746.70    6.86847
     6747.70    6.90667
     6748.69    6.86879
     6749.69    6.85917
     6750.69    6.85695
     6751.68    6.84509
     6752.68    6.88537
     6753.67    6.88976
     6754.67    6.96801
     6755.66    6.92487
     6756.66    6.96275
     6757.66    7.04353
     6758.65    7.04858
     6759.65    7.06457
     6760.64    6.99942
     6761.64    7.04432
     6762.63    6.99036
     6763.63    7.00593
     6764.62    6.99989
     6765.62    6.92997
     6766.62    6.94911
     6767.61    6.91547
     6768.61    6.96421
     6769.60    6.95088
     6770.60    6.97113
     6771.59    7.02738
     6772.59    7.04117
     6773.59    7.05474
     6774.58    7.10773
     6775.58    7.13970
     6776.57    7.10927
     6777.57    7.13912
     6778.56    7.16191
     6779.56    7.12373
     6780.56    7.04082
     6781.55    7.02197
     6782.55    6.96105
     6783.54    6.95276
     6784.54    6.90394
     6785.53    6.93850
     6786.53    6.98770
     6787.53    6.95021
     6788.52    6.97247
     6789.52    7.02828
     6790.51    6.99733
     6791.51    7.03727
     6792.50    7.01868
     6793.50    7.02902
     6794.50    7.02327
     6795.49    6.90761
     6796.49    6.93069
     6797.48    7.05457
     6798.48    7.00260
     6799.47    6.92502
     6800.47    6.99964
     6801.46    7.01857
     6802.46    6.99000
     6803.46    7.05562
     6804.45    7.06687
     6805.45    7.05663
     6806.44    7.08491
     6807.44    7.05616
     6808.43    7.03341
     6809.43    7.00453
     6810.43    6.98701
     6811.42    6.97473
     6812.42    7.09379
     6813.41    7.07451
     6814.41    6.95715
     6815.40    6.98136
     6816.40    6.96955
     6817.40    6.94955
     6818.39    6.93344
     6819.39    7.01833
     6820.38    7.04340
     6821.38    7.07885
     6822.37    7.13580
     6823.37    7.09267
     6824.37    7.16464
     6825.36    7.07382
     6826.36    7.01036
     6827.35    7.06450
     6828.35    7.04894
     6829.34    7.05802
     6830.34    6.97652
