     6164.57    6.30721
     6165.57    6.40651
     6166.56    6.44568
     6167.55    6.47692
     6168.55    6.59538
     6169.54    6.61554
     6170.54    6.66767
     6171.53    6.74339
     6172.53    6.82162
     6173.52    6.85834
     6174.51    6.90219
     6175.51    6.87885
     6176.50    7.02475
     6177.50    7.07827
     6178.49    7.05062
     6179.49    7.08771
     6180.48    7.09303
     6181.47    7.17897
     6182.47    7.19033
     6183.46    7.05085
     6184.46    7.09449
     6185.45    7.09548
     6186.45    7.03552
     6187.44    6.90939
     6188.43    6.96374
     6189.43    6.95417
     6190.42    6.91633
     6191.42    6.96344
     6192.41    6.91191
     6193.41    6.96471
     6194.40    6.96236
     6195.39    7.04641
     6196.39    7.12620
     6197.38    7.17795
     6198.38    7.19574
     6199.37    7.14553
     6200.37    7.24933
     6201.36    7.30650
     6202.35    7.27628
     6203.35    7.27367
     6204.34    7.28243
     6205.34    7.32751
     6206.33    7.31020
     6207.33    7.21580
     6208.32    7.20260
     6209.31    7.16598
     6210.31    7.07371
     6211.30    7.00665
     6212.30    6.93432
     6213.29    6.89568
     6214.29    6.85122
     6215.28    6.82786
     6216.27    6.82745
     6217.27    6.78074
     6218.26    6.79147
     6219.26    6.77621
     6220.25    6.78852
     6221.25    6.82272
     6222.24    6.80944
     6223.23    6.82534
     6224.23    6.83075
     6225.22    6.79112
     6226.22    6.78915
     6227.21    6.82193
     6228.21    6.83735
     6229.20    6.79564
     6230.19    6.79923
     6231.19    6.71305
     6232.18    6.76765
     6233.18    6.75969
     6234.17    6.78920
     6235.17    6.76724
     6236.16    6.77535
     6237.15    6.74521
     6238.15    6.72276
     6239.14    6.73106
     6240.14    6.83479
     6241.13    6.85314
     6242.13    6.82402
     6243.12    6.68541
     6244.11    6.61662
     6245.11    6.50819
     6246.10    6.63414
     6247.10    6.54905
     6248.09    6.60783
     6249.09    6.62414
     6250.08    6.61566
     6251.07    6.65106
     6252.07    6.65421
     6253.06    6.59688
     6254.06    6.58685
     6255.05    6.59257
     6256.05    6.66641
     6257.04    6.58714
     6258.03    6.56066
     6259.03    6.78873
     6260.02    6.75674
     6261.02    6.73545
     6262.01    6.78006
     6263.01    6.88214
     6264.00    6.79827
     6264.99    6.85692
     6265.99    6.99067
     6266.98    6.98102
     6267.98    6.97128
     6268.97    7.08767
     6269.97    7.06865
     6270.96    7.02247
     6271.95    7.14119
     6272.95    7.11398
     6273.94    7.12676
     6274.94    7.10007
     6275.93    7.17602
     6276.93    7.10128
     6277.92    7.11696
     6278.91    7.16120
     6279.91    7.15368
     6280.90    7.12239
     6281.90    7.15284
     6282.89    7.11599
     6283.89    7.16310
     6284.88    7.23347
     6285.87    7.18822
     6286.87    7.27742
     6287.86    7.29089
     6288.86    7.25146
     6289.85    7.20740
     6290.85    7.24512
     6291.84    7.22413
     6292.83    7.16931
     6293.83    7.20222
     6294.82    7.18076
     6295.82    7.06480
     6296.81    7.04970
     6297.81    6.88850
     6298.80    6.94153
     6299.79    6.93152
     6300.79    7.05163
     6301.78    7.13636
     6302.78    7.05711
     6303.77    7.11195
     6304.77    7.16420
     6305.76    7.17082
     6306.75    7.09717
     6307.75    7.10452
     6308.74    7.16688
     6309.74    7.07483
     6310.73    7.14512
     6311.73    7.10458
     6312.72    7.06314
     6313.71    7.10338
     6314.71    6.96597
     6315.70    6.99019
     6316.70    6.99836
     6317.69    6.92386
     6318.69    7.07010
     6319.68    7.07952
     6320.67    7.08095
     6321.67    7.07224
     6322.66    7.13334
     6323.66    7.16068
     6324.65    7.19996
     6325.65    7.14782
     6326.64    7.28069
     6327.63    7.31793
     6328.63    7.36820
     6329.62    7.34451
     6330.62    7.32715
     6331.61    7.30845
     6332.61    7.22153
     6333.60    7.27360
     6334.59    7.15059
     6335.59    7.20289
     6336.58    7.18891
     6337.58    7.17267
     6338.57    7.16791
     6339.57    7.11219
     6340.56    7.13447
     6341.55    7.18389
     6342.55    7.16163
     6343.54    7.14515
     6344.54    7.19471
     6345.53    7.29272
     6346.53    7.22418
     6347.52    7.19577
     6348.51    7.25029
     6349.51    7.22869
     6350.50    7.27602
     6351.50    7.26560
     6352.49    7.26489
     6353.49    7.14144
     6354.48    7.16420
     6355.47    7.06930
     6356.47    7.07713
     6357.46    7.06730
     6358.46    6.93188
     6359.45    6.89386
     6360.45    6.86745
     6361.44    6.88999
     6362.43    6.94957
     6363.43    6.88257
     6364.42    6.88105
     6365.42    7.02837
     6366.41    7.11232
     6367.41    7.19808
     6368.40    7.28866
     6369.39    7.28749
     6370.39    7.39470
     6371.38    7.46439
     6372.38    7.47784
     6373.37    7.45951
     6374.37    7.48227
     6375.36    7.47149
     6376.35    7.41444
     6377.35    7.42859
     6378.34    7.48234
     6379.34    7.41432
     6380.33    7.36664
     6381.33    7.48161
     6382.32    7.40130
     6383.31    7.41541
     6384.31    7.41185
     6385.30    7.44237
     6386.30    7.47693
     6387.29    7.57183
     6388.29    7.42002
     6389.28    7.39014
     6390.27    7.40696
     6391.27    7.38752
     6392.26    7.37116
     6393.26    7.33978
     6394.25    7.33925
     6395.25    7.30576
     6396.24    7.30933
     6397.23    7.27810
     6398.23    7.26909
     6399.22    7.33362
     6400.22    7.40405
     6401.21    7.37226
     6402.21    7.38029
     6403.20    7.38655
     6404.19    7.44703
     6405.19    7.38791
     6406.18    7.33678
     6407.18    7.36379
     6408.17    7.44670
     6409.17    7.32028
     6410.16    7.40220
     6411.15    7.43018
     6412.15    7.33727
     6413.14    7.30260
     6414.14    7.39152
     6415.13    7.38281
     6416.13    7.35768
     6417.12    7.35932
     6418.11    7.40376
     6419.11    7.37556
     6420.10    7.39335
     6421.10    7.38306
     6422.09    7.41278
     6423.09    7.45651
     6424.08    7.39306
     6425.07    7.39799
     6426.07    7.40879
     6427.06    7.46186
     6428.06    7.50835
     6429.05    7.47890
     6430.05    7.42976
     6431.04    7.41434
     6432.03    7.45178
     6433.03    7.42467
     6434.02    7.43784
     6435.02    7.43061
     6436.01    7.42130
     6437.01    7.45629
     6438.00    7.39347
     6438.99    7.37105
     6439.99    7.47264
     6440.98    7.55219
     6441.98    7.57433
     6442.97    7.52137
     6443.97    7.48011
     6444.96    7.51021
     6445.95    7.44049
     6446.95    7.33675
     6447.94    7.33102
     6448.94    7.40521
     6449.93    7.36069
     6450.93    7.35865
     6451.92    7.36741
     6452.91    7.35039
     6453.91    7.34111
     6454.90    7.43261
     6455.90    7.44448
     6456.89    7.49899
     6457.89    7.44138
     6458.88    7.48130
     6459.87    7.50837
     6460.87    7.57717
     6461.86    7.60069
     6462.86    7.67103
     6463.85    7.63303
     6464.85    7.64010
     6465.84    7.65134
     6466.83    7.61458
     6467.83    7.65547
     6468.82    7.65027
     6469.82    7.67225
     6470.81    7.70982
     6471.81    7.63413
     6472.80    7.60512
     6473.79    7.67868
     6474.79    7.70019
     6475.78    7.69330
     6476.78    7.61941
     6477.77    7.51893
     6478.77    7.41642
     6479.76    7.38178
     6480.75    7.41734
     6481.75    7.40272
     6482.74    7.44362
     6483.74    7.48251
     6484.73    7.47487
     6485.73    7.42082
     6486.72    7.36730
     6487.71    7.31658
     6488.71    7.33572
     6489.70    7.26756
     6490.70    7.21674
     6491.69    7.15969
     6492.69    7.01895
     6493.68    6.99241
     6494.67    6.96145
     6495.67    6.91561
     6496.66    6.86199
     6497.66    6.85300
     6498.65    6.97413
     6499.65    7.08661
     6500.64    7.14964
     6501.63    7.19422
     6502.63    7.30504
     6503.62    7.33939
     6504.62    7.31571
     6505.61    7.42830
     6506.61    7.39626
     6507.60    7.45554
     6508.59    7.52271
     6509.59    7.53534
     6510.58    7.52667
     6511.58    7.51572
     6512.57    7.57629
     6513.57    7.56546
     6514.56    7.53741
     6515.55    7.48851
     6516.55    7.49690
     6517.54    7.58137
     6518.54    7.55947
     6519.53    7.57625
     6520.53    7.60302
     6521.52    7.55325
     6522.51    7.56672
     6523.51    7.66200
     6524.50    7.69908
     6525.50    7.61429
     6526.49    7.53208
     6527.49    7.59408
     6528.48    7.65804
     6529.47    7.62582
     6530.47    7.59828
     6531.46    7.69264
     6532.46    7.68622
     6533.45    7.68835
     6534.45    7.67089
     6535.44    7.63425
     6536.43    7.66869
     6537.43    7.65257
     6538.42    7.63884
     6539.42    7.67581
     6540.41    7.71961
     6541.41    7.68636
     6542.40    7.64739
     6543.39    7.63171
     6544.39    7.56460
     6545.38    7.52123
     6546.38    7.58076
     6547.37    7.52818
     6548.37    7.49913
     6549.36    7.43829
     6550.35    7.38295
     6551.35    7.36096
     6552.34    7.31311
     6553.34    7.27521
     6554.33    7.20963
     6555.33    7.14029
     6556.32    7.06751
     6557.31    6.96515
     6558.31    6.91461
     6559.30    6.87508
     6560.30    6.81597
     6561.29    6.80523
     6562.29    6.79402
     6563.28    6.82921
     6564.27    6.88249
     6565.27    6.87092
     6566.26    6.89078
     6567.26    7.00565
     6568.25    7.05650
     6569.25    7.14770
     6570.24    7.25570
     6571.23    7.26730
     6572.23    7.21452
     6573.22    7.25267
     6574.22    7.32917
     6575.21    7.31237
     6576.21    7.23715
     6577.20    7.34911
     6578.19    7.39465
     6579.19    7.48898
     6580.18    7.53796
     6581.18    7.50165
     6582.17    7.51479
     6583.17    7.53667
     6584.16    7.57222
     6585.15    7.55213
     6586.15    7.55986
     6587.14    7.54068
     6588.14    7.54901
     6589.13    7.49372
     6590.13    7.43183
     6591.12    7.39095
     6592.11    7.38027
     6593.11    7.36231
     6594.10    7.40178
     6595.10    7.37304
     6596.09    7.39117
     6597.09    7.42485
     6598.08    7.40353
     6599.07    7.43446
     6600.07    7.42037
     6601.06    7.45385
     6602.06    7.43602
     6603.05    7.42625
     6604.05    7.38306
     6605.04    7.39398
     6606.03    7.44843
     6607.03    7.37374
     6608.02    7.42926
     6609.02    7.43218
     6610.01    7.40223
     6611.01    7.45383
     6612.00    7.52474
     6612.99    7.53579
     6613.99    7.58354
     6614.98    7.58273
     6615.98    7.56365
     6616.97    7.60257
     6617.97    7.61496
     6618.96    7.54150
     6619.95    7.53916
     6620.95    7.50892
     6621.94    7.48949
     6622.94    7.44082
     6623.93    7.43104
     6624.93    7.38090
     6625.92    7.41136
     6626.91    7.38556
     6627.91    7.35173
     6628.90    7.31906
     6629.90    7.31526
     6630.89    7.29004
     6631.89    7.30110
     6632.88    7.33522
     6633.87    7.30237
     6634.87    7.34836
     6635.86    7.42273
     6636.86    7.35145
     6637.85    7.28986
     6638.85    7.27619
     6639.84    7.30002
     6640.83    7.29600
     6641.83    7.30332
     6642.82    7.31139
     6643.82    7.34785
     6644.81    7.27624
     6645.81    7.33157
     6646.80    7.34362
     6647.79    7.37576
     6648.79    7.34714
     6649.78    7.38171
     6650.78    7.33719
     6651.77    7.30744
     6652.77    7.35326
     6653.76    7.38493
     6654.75    7.32356
     6655.75    7.31777
     6656.74    7.31379
     6657.74    7.26358
     6658.73    7.24814
     6659.73    7.20001
     6660.72    7.21856
     6661.71    7.23427
     6662.71    7.12505
     6663.70    7.17022
     6664.70    7.18077
     6665.69    7.16647
     6666.69    7.21889
     6667.68    7.23652
     6668.67    7.21232
     6669.67    7.21081
     6670.66    7.28525
     6671.66    7.27457
     6672.65    7.25466
     6673.65    7.26916
     6674.64    7.25273
     6675.63    7.24173
     6676.63    7.28755
     6677.62    7.19705
     6678.62    7.20208
     6679.61    7.16084
     6680.61    7.21946
     6681.60    7.21485
     6682.59    7.26450
     6683.59    7.22346
     6684.58    7.27408
     6685.58    7.25322
     6686.57    7.28751
     6687.57    7.26153
     6688.56    7.39081
     6689.55    7.28670
     6690.55    7.32226
     6691.54    7.22982
     6692.54    7.22538
     6693.53    7.14839
     6694.53    7.16889
     6695.52    7.18910
     6696.51    7.05665
     6697.51    7.13790
     6698.50    7.15202
     6699.50    7.22727
     6700.49    7.20946
     6701.49    7.18316
     6702.48    7.18140
     6703.47    7.16895
     6704.47    7.20149
     6705.46    7.24779
     6706.46    7.26630
     6707.45    7.24861
     6708.45    7.22450
     6709.44    7.24669
     6710.43    7.17004
     6711.43    7.12532
     6712.42    7.08115
     6713.42    7.09728
     6714.41    7.01261
     6715.41    7.07194
     6716.40    7.01426
     6717.39    7.03473
     6718.39    6.98562
     6719.38    7.02626
     6720.38    7.03547
     6721.37    7.09274
     6722.37    7.12551
     6723.36    7.13536
     6724.35    7.14265
     6725.35    7.19016
     6726.34    7.16788
     6727.34    7.24645
     6728.33    7.21259
     6729.33    7.23989
     6730.32    7.21792
     6731.31    7.26184
     6732.31    7.28422
     6733.30    7.22898
     6734.30    7.25486
     6735.29    7.29709
     6736.29    7.24592
     6737.28    7.17991
     6738.27    7.13487
     6739.27    7.21072
     6740.26    7.19232
     6741.26    7.23165
     6742.25    7.15142
     6743.25    7.10610
     6744.24    7.08516
     6745.23    7.13058
     6746.23    7.06580
     6747.22    7.13700
     6748.22    7.16456
     6749.21    7.12103
     6750.21    7.13552
     6751.20    7.10840
     6752.19    7.12916
     6753.19    7.18309
     6754.18    7.16702
     6755.18    7.17822
     6756.17    7.28343
     6757.17    7.26656
     6758.16    7.29733
     6759.15    7.31313
     6760.15    7.25387
     6761.14    7.23112
     6762.14    7.24934
     6763.13    7.25171
     6764.13    7.20213
     6765.12    7.15786
     6766.11    7.20465
     6767.11    7.21262
     6768.10    7.25352
     6769.10    7.20006
     6770.09    7.21654
     6771.09    7.22063
     6772.08    7.25034
     6773.07    7.29663
     6774.07    7.30435
     6775.06    7.29554
     6776.06    7.32309
     6777.05    7.35536
     6778.05    7.29782
     6779.04    7.31676
     6780.03    7.30896
     6781.03    7.22339
     6782.02    7.18325
     6783.02    7.18248
     6784.01    7.16670
     6785.01    7.12098
     6786.00    7.13266
     6786.99    7.13950
     6787.99    7.12216
     6788.98    7.18580
     6789.98    7.17124
     6790.97    7.13685
     6791.97    7.13642
     6792.96    7.18259
     6793.95    7.15933
     6794.95    7.19728
     6795.94    7.21219
     6796.94    7.20264
     6797.93    7.22433
     6798.93    7.19544
     6799.92    7.17106
     6800.91    7.21227
     6801.91    7.24756
     6802.90    7.27887
     6803.90    7.30162
     6804.89    7.30264
     6805.89    7.32072
     6806.88    7.35523
     6807.87    7.33834
     6808.87    7.34601
     6809.86    7.29846
     6810.86    7.27782
