     6103.92    3.21674
     6104.90    3.29237
     6105.89    3.31321
     6106.87    3.34650
     6107.85    3.34201
     6108.84    3.34082
     6109.82    3.38403
     6110.81    3.40240
     6111.79    3.42516
     6112.78    3.37838
     6113.76    3.41671
     6114.75    3.40062
     6115.73    3.35184
     6116.71    3.34205
     6117.70    3.38798
     6118.68    3.36346
     6119.67    3.27189
     6120.65    3.32674
     6121.64    3.31627
     6122.62    3.33537
     6123.61    3.31992
     6124.59    3.31673
     6125.58    3.36265
     6126.56    3.32185
     6127.54    3.34347
     6128.53    3.38863
     6129.51    3.32326
     6130.50    3.32397
     6131.48    3.33359
     6132.47    3.30882
     6133.45    3.31998
     6134.44    3.29001
     6135.42    3.29224
     6136.40    3.25418
     6137.39    3.25475
     6138.37    3.27017
     6139.36    3.36262
     6140.34    3.33509
     6141.33    3.37059
     6142.31    3.36922
     6143.30    3.38346
     6144.28    3.36583
     6145.27    3.37368
     6146.25    3.40382
     6147.23    3.42452
     6148.22    3.34955
     6149.20    3.34232
     6150.19    3.36193
     6151.17    3.29313
     6152.16    3.27724
     6153.14    3.29085
     6154.13    3.22688
     6155.11    3.23984
     6156.09    3.19792
     6157.08    3.12159
     6158.06    3.06350
     6159.05    3.05597
     6160.03    3.05510
     6161.02    3.07595
     6162.00    3.03384
     6162.99    3.00649
     6163.97    3.04811
     6164.96    3.05334
     6165.94    3.04990
     6166.92    3.03560
     6167.91    3.08246
     6168.89    3.09218
     6169.88    3.06591
     6170.86    3.11283
     6171.85    3.14581
     6172.83    3.14399
     6173.82    3.17647
     6174.80    3.22007
     6175.78    3.24030
     6176.77    3.24762
     6177.75    3.23223
     6178.74    3.19306
     6179.72    3.17024
     6180.71    3.23393
     6181.69    3.30256
     6182.68    3.22037
     6183.66    3.20963
     6184.65    3.22000
     6185.63    3.15891
     6186.61    3.10163
     6187.60    3.06483
     6188.58    3.12570
     6189.57    3.15532
     6190.55    3.16532
     6191.54    3.14298
     6192.52    3.14315
     6193.51    3.17200
     6194.49    3.14543
     6195.48    3.18304
     6196.46    3.26707
     6197.44    3.19561
     6198.43    3.25915
     6199.41    3.32035
     6200.40    3.28395
     6201.38    3.25681
     6202.37    3.31704
     6203.35    3.27594
     6204.34    3.19374
     6205.32    3.28449
     6206.30    3.27871
     6207.29    3.22048
     6208.27    3.20840
     6209.26    3.16627
     6210.24    3.13896
     6211.23    3.09785
     6212.21    3.10999
     6213.20    3.10115
     6214.18    3.10569
     6215.17    3.09852
     6216.15    3.06285
     6217.13    3.04503
     6218.12    3.05390
     6219.10    3.09905
     6220.09    3.13596
     6221.07    3.12781
     6222.06    3.10423
     6223.04    3.04739
     6224.03    3.04970
     6225.01    3.05796
     6225.99    3.04041
     6226.98    3.07080
     6227.96    3.06924
     6228.95    3.07517
     6229.93    3.09980
     6230.92    3.09225
     6231.90    3.09139
     6232.89    3.02149
     6233.87    3.09414
     6234.85    3.08848
     6235.84    3.07209
     6236.82    3.04674
     6237.81    3.06596
     6238.79    3.05490
     6239.78    3.06734
     6240.76    3.04619
     6241.75    3.05233
     6242.73    3.08646
     6243.72    3.04571
     6244.70    3.02985
     6245.68    3.01215
     6246.67    3.00629
     6247.65    3.04103
     6248.64    3.03554
     6249.62    3.02832
     6250.61    3.01636
     6251.59    3.01080
     6252.58    2.99500
     6253.56    2.99074
     6254.54    3.00865
     6255.53    2.98401
     6256.51    3.01599
     6257.50    3.01364
     6258.48    3.02465
     6259.47    3.07482
     6260.45    3.11596
     6261.44    3.11739
     6262.42    3.11334
     6263.41    3.12265
     6264.39    3.12819
     6265.37    3.17522
     6266.36    3.19196
     6267.34    3.18507
     6268.33    3.20595
     6269.31    3.18897
     6270.30    3.17697
     6271.28    3.21854
     6272.27    3.24009
     6273.25    3.21591
     6274.23    3.22676
     6275.22    3.21559
     6276.20    3.22140
     6277.19    3.18322
     6278.17    3.22194
     6279.16    3.22942
     6280.14    3.26115
     6281.13    3.29067
     6282.11    3.25467
     6283.10    3.28801
     6284.08    3.33346
     6285.06    3.35435
     6286.05    3.29290
     6287.03    3.28878
     6288.02    3.32092
     6289.00    3.33398
     6289.99    3.32936
     6290.97    3.32713
     6291.96    3.30759
     6292.94    3.28749
     6293.93    3.33316
     6294.91    3.32739
     6295.89    3.32480
     6296.88    3.36615
     6297.86    3.39308
     6298.85    3.40827
     6299.83    3.36865
     6300.82    3.34116
     6301.80    3.30596
     6302.79    3.30342
     6303.77    3.31589
     6304.75    3.28545
     6305.74    3.28531
     6306.72    3.28004
     6307.71    3.25424
     6308.69    3.25118
     6309.68    3.25269
     6310.66    3.27741
     6311.65    3.22277
     6312.63    3.22449
     6313.62    3.17610
     6314.60    3.18712
     6315.58    3.19634
     6316.57    3.16654
     6317.55    3.16669
     6318.54    3.19814
     6319.52    3.19779
     6320.51    3.24053
     6321.49    3.25397
     6322.48    3.28492
     6323.46    3.28276
     6324.44    3.30202
     6325.43    3.33079
     6326.41    3.33493
     6327.40    3.32285
     6328.38    3.33825
     6329.37    3.35134
     6330.35    3.33457
     6331.34    3.32908
     6332.32    3.32808
     6333.31    3.27709
     6334.29    3.30926
     6335.27    3.30479
     6336.26    3.28396
     6337.24    3.23884
     6338.23    3.24656
     6339.21    3.24031
     6340.20    3.25935
     6341.18    3.25990
     6342.17    3.24854
     6343.15    3.30295
     6344.13    3.28889
     6345.12    3.31025
     6346.10    3.32443
     6347.09    3.29696
     6348.07    3.33363
     6349.06    3.32909
     6350.04    3.31782
     6351.03    3.34076
     6352.01    3.27393
     6353.00    3.22891
     6353.98    3.19310
     6354.96    3.21531
     6355.95    3.21319
     6356.93    3.26903
     6357.92    3.20563
     6358.90    3.19826
     6359.89    3.20149
     6360.87    3.21663
     6361.86    3.20340
     6362.84    3.17475
     6363.82    3.24469
     6364.81    3.31881
     6365.79    3.34890
     6366.78    3.40358
     6367.76    3.37039
     6368.75    3.40186
     6369.73    3.42359
     6370.72    3.42042
     6371.70    3.40227
     6372.69    3.39444
     6373.67    3.44658
     6374.65    3.43944
     6375.64    3.50848
     6376.62    3.52639
     6377.61    3.49531
     6378.59    3.40250
     6379.58    3.38926
     6380.56    3.45209
     6381.55    3.43960
     6382.53    3.43216
     6383.51    3.49056
     6384.50    3.52451
     6385.48    3.42858
     6386.47    3.40218
     6387.45    3.45670
     6388.44    3.53702
     6389.42    3.49165
     6390.41    3.46753
     6391.39    3.49260
     6392.38    3.43422
     6393.36    3.48563
     6394.34    3.42128
     6395.33    3.34544
     6396.31    3.38453
     6397.30    3.37699
     6398.28    3.40442
     6399.27    3.40267
     6400.25    3.38473
     6401.24    3.39528
     6402.22    3.39596
     6403.21    3.35660
     6404.19    3.37000
     6405.17    3.32953
     6406.16    3.35379
     6407.14    3.38917
     6408.13    3.31833
     6409.11    3.34917
     6410.10    3.35106
     6411.08    3.38389
     6412.07    3.38375
     6413.05    3.34860
     6414.03    3.30160
     6415.02    3.25486
     6416.00    3.27611
     6416.99    3.32203
     6417.97    3.35207
     6418.96    3.36819
     6419.94    3.37736
     6420.93    3.38599
     6421.91    3.43293
     6422.90    3.38837
     6423.88    3.40590
     6424.86    3.37377
     6425.85    3.38056
     6426.83    3.41788
     6427.82    3.42069
     6428.80    3.46344
     6429.79    3.44199
     6430.77    3.40054
     6431.76    3.40636
     6432.74    3.38935
     6433.72    3.41818
     6434.71    3.47267
     6435.69    3.42056
     6436.68    3.43345
     6437.66    3.40839
     6438.65    3.47675
     6439.63    3.50320
     6440.62    3.44167
     6441.60    3.42510
     6442.58    3.41048
     6443.57    3.41549
     6444.55    3.41515
     6445.54    3.37293
     6446.52    3.38467
     6447.51    3.39373
     6448.49    3.43067
     6449.48    3.40655
     6450.46    3.33353
     6451.45    3.33255
     6452.43    3.37656
     6453.41    3.39573
     6454.40    3.43599
     6455.38    3.40125
     6456.37    3.47456
     6457.35    3.43939
     6458.34    3.42907
     6459.32    3.45245
     6460.31    3.47699
     6461.29    3.48825
     6462.27    3.48659
     6463.26    3.45201
     6464.24    3.48596
     6465.23    3.50370
     6466.21    3.49698
     6467.20    3.49690
     6468.18    3.50276
     6469.17    3.52295
     6470.15    3.47531
     6471.14    3.47625
     6472.12    3.46284
     6473.10    3.51028
     6474.09    3.50846
     6475.07    3.53899
     6476.06    3.47794
     6477.04    3.49071
     6478.03    3.50654
     6479.01    3.50336
     6480.00    3.47576
     6480.98    3.46685
     6481.97    3.47309
     6482.95    3.47010
     6483.93    3.43266
     6484.92    3.41334
     6485.90    3.34571
     6486.89    3.34110
     6487.87    3.31432
     6488.86    3.26171
     6489.84    3.34369
     6490.83    3.25313
     6491.81    3.24654
     6492.79    3.24584
     6493.78    3.24042
     6494.76    3.23589
     6495.75    3.23351
     6496.73    3.18483
     6497.72    3.25114
     6498.70    3.27438
     6499.69    3.24482
     6500.67    3.33548
     6501.66    3.34990
     6502.64    3.31070
     6503.62    3.34882
     6504.61    3.37069
     6505.59    3.40062
     6506.58    3.42171
     6507.56    3.43522
     6508.55    3.44179
     6509.53    3.39823
     6510.52    3.42672
     6511.50    3.47415
     6512.48    3.41607
     6513.47    3.45017
     6514.45    3.46177
     6515.44    3.45562
     6516.42    3.47381
     6517.41    3.42768
     6518.39    3.46595
     6519.38    3.46578
     6520.36    3.46450
     6521.35    3.43543
     6522.33    3.43304
     6523.31    3.43770
     6524.30    3.44766
     6525.28    3.45031
     6526.27    3.49571
     6527.25    3.45679
     6528.24    3.52594
     6529.22    3.52452
     6530.21    3.53011
     6531.19    3.53960
     6532.17    3.54393
     6533.16    3.53668
     6534.14    3.53289
     6535.13    3.55453
     6536.11    3.55633
     6537.10    3.58217
     6538.08    3.61264
     6539.07    3.64055
     6540.05    3.64620
     6541.04    3.68484
     6542.02    3.73894
     6543.00    3.84005
     6543.99    3.88326
     6544.97    3.93801
     6545.96    3.96856
     6546.94    3.94370
     6547.93    3.90838
     6548.91    3.71932
     6549.90    3.66136
     6550.88    3.58447
     6551.86    3.52520
     6552.85    3.48560
     6553.83    3.46960
     6554.82    3.46327
     6555.80    3.48567
     6556.79    3.50060
     6557.77    3.54151
     6558.76    3.66813
     6559.74    3.74909
     6560.73    3.82591
     6561.71    3.83074
     6562.69    3.70921
     6563.68    3.64569
     6564.66    3.53656
     6565.65    3.44969
     6566.63    3.42958
     6567.62    3.41920
     6568.60    3.42056
     6569.59    3.47521
     6570.57    3.51448
     6571.55    3.51916
     6572.54    3.55269
     6573.52    3.57079
     6574.51    3.67310
     6575.49    3.79407
     6576.48    3.92525
     6577.46    4.11840
     6578.45    4.36052
     6579.43    4.58365
     6580.42    4.79163
     6581.40    4.90387
     6582.38    4.85344
     6583.37    4.71919
     6584.35    4.43898
     6585.34    4.16724
     6586.32    3.98031
     6587.31    3.81146
     6588.29    3.64209
     6589.28    3.54392
     6590.26    3.50613
     6591.25    3.48899
     6592.23    3.46034
     6593.21    3.42294
     6594.20    3.43045
     6595.18    3.41580
     6596.17    3.40241
     6597.15    3.38451
     6598.14    3.40085
     6599.12    3.42920
     6600.11    3.41771
     6601.09    3.39430
     6602.07    3.36892
     6603.06    3.37888
     6604.04    3.37394
     6605.03    3.39558
     6606.01    3.41841
     6607.00    3.38910
     6607.98    3.44349
     6608.97    3.44608
     6609.95    3.41270
     6610.94    3.39854
     6611.92    3.39641
     6612.90    3.41527
     6613.89    3.44045
     6614.87    3.47043
     6615.86    3.41356
     6616.84    3.40310
     6617.83    3.45757
     6618.81    3.45869
     6619.80    3.41652
     6620.78    3.43786
     6621.76    3.43264
     6622.75    3.43122
     6623.73    3.39982
     6624.72    3.36398
     6625.70    3.35126
     6626.69    3.35158
     6627.67    3.36090
     6628.66    3.31840
     6629.64    3.33098
     6630.62    3.33742
     6631.61    3.31285
     6632.59    3.37870
     6633.58    3.36232
     6634.56    3.31166
     6635.55    3.34018
     6636.53    3.33431
     6637.52    3.34731
     6638.50    3.35891
     6639.49    3.37265
     6640.47    3.38066
     6641.45    3.40531
     6642.44    3.35635
     6643.42    3.39419
     6644.41    3.35356
     6645.39    3.36747
     6646.38    3.34314
     6647.36    3.35151
     6648.35    3.38670
     6649.33    3.37009
     6650.31    3.32716
     6651.30    3.37749
     6652.28    3.37411
     6653.27    3.34762
     6654.25    3.33881
     6655.24    3.32675
     6656.22    3.30153
     6657.21    3.28613
     6658.19    3.32165
     6659.18    3.28010
     6660.16    3.34105
     6661.14    3.30252
     6662.13    3.30975
     6663.11    3.26593
     6664.10    3.34195
     6665.08    3.30520
     6666.07    3.31369
     6667.05    3.30272
     6668.04    3.32053
     6669.02    3.32785
     6670.00    3.33790
     6670.99    3.31328
     6671.97    3.34797
     6672.96    3.34909
     6673.94    3.34374
     6674.93    3.29035
     6675.91    3.30702
     6676.90    3.30914
     6677.88    3.31282
     6678.87    3.28985
     6679.85    3.30953
     6680.83    3.31568
     6681.82    3.30644
     6682.80    3.32257
     6683.79    3.32142
     6684.77    3.34453
     6685.76    3.31305
     6686.74    3.34427
     6687.73    3.32855
     6688.71    3.33198
     6689.70    3.35285
     6690.68    3.29243
     6691.66    3.30522
     6692.65    3.28699
     6693.63    3.32031
     6694.62    3.29535
     6695.60    3.29193
     6696.59    3.22145
     6697.57    3.24282
     6698.56    3.28794
     6699.54    3.29130
     6700.52    3.27150
     6701.51    3.31894
     6702.49    3.34309
     6703.48    3.29667
     6704.46    3.34789
     6705.45    3.30858
     6706.43    3.30566
     6707.42    3.35088
     6708.40    3.39206
     6709.39    3.40445
     6710.37    3.41677
     6711.35    3.46181
     6712.34    3.54697
     6713.32    3.63478
     6714.31    3.65693
     6715.29    3.67148
     6716.28    3.58299
     6717.26    3.48564
     6718.25    3.42803
     6719.23    3.39008
     6720.21    3.33630
     6721.20    3.29838
     6722.18    3.31400
     6723.17    3.39900
     6724.15    3.41082
     6725.14    3.44571
     6726.12    3.50314
     6727.11    3.51609
     6728.09    3.54843
     6729.08    3.55719
     6730.06    3.54681
     6731.04    3.49678
     6732.03    3.46142
     6733.01    3.40455
     6734.00    3.31481
     6734.98    3.29118
     6735.97    3.27342
     6736.95    3.25553
     6737.94    3.21898
     6738.92    3.22388
     6739.90    3.23150
     6740.89    3.18981
     6741.87    3.15680
     6742.86    3.16134
     6743.84    3.15939
