     6207.00    3.37274
     6208.00    3.35240
     6209.00    3.35753
     6210.00    3.31582
     6211.00    3.27595
     6212.00    3.25274
     6213.00    3.20166
     6214.00    3.15529
     6215.00    3.16147
     6216.00    3.19228
     6217.00    3.21035
     6218.00    3.18734
     6219.00    3.17428
     6220.00    3.21009
     6221.00    3.20060
     6222.00    3.21634
     6223.00    3.22404
     6224.00    3.22938
     6225.00    3.23772
     6226.00    3.22662
     6227.00    3.20012
     6228.00    3.16038
     6229.00    3.09747
     6230.00    3.09533
     6231.00    3.10916
     6232.00    3.17866
     6233.00    3.18073
     6234.00    3.24496
     6235.00    3.30747
     6236.00    3.24124
     6237.00    3.20488
     6238.00    3.19205
     6239.00    3.14469
     6240.00    3.16733
     6241.00    3.12139
     6242.00    3.10059
     6243.00    3.10624
     6244.00    3.16100
     6245.00    3.16772
     6246.00    3.17853
     6247.00    3.22516
     6248.00    3.29393
     6249.00    3.26724
     6250.00    3.23053
     6251.00    3.19504
     6252.00    3.15218
     6253.00    3.08472
     6254.00    3.09028
     6255.00    3.10153
     6256.00    3.06639
     6257.00    3.05706
     6258.00    3.07398
     6259.00    3.12465
     6260.00    3.15509
     6261.00    3.24309
     6262.00    3.25317
     6263.00    3.29867
     6264.00    3.20744
     6265.00    3.27877
     6266.00    3.29503
     6267.00    3.22237
     6268.00    3.25246
     6269.00    3.24583
     6270.00    3.25102
     6271.00    3.28665
     6272.00    3.31338
     6273.00    3.28898
     6274.00    3.28633
     6275.00    3.31249
     6276.00    3.32341
     6277.00    3.32869
     6278.00    3.28665
     6279.00    3.26692
     6280.00    3.25264
     6281.00    3.20309
     6282.00    3.25985
     6283.00    3.30454
     6284.00    3.33311
     6285.00    3.32785
     6286.00    3.35073
     6287.00    3.37998
     6288.00    3.34453
     6289.00    3.36845
     6290.00    3.32495
     6291.00    3.35183
     6292.00    3.34820
     6293.00    3.37094
     6294.00    3.40171
     6295.00    3.33759
     6296.00    3.39558
     6297.00    3.55860
     6298.00    3.79719
     6299.00    3.95797
     6300.00    3.87480
     6301.00    3.63925
     6302.00    3.45679
     6303.00    3.43621
     6304.00    3.40850
     6305.00    3.40802
     6306.00    3.43912
     6307.00    3.44221
     6308.00    3.40463
     6309.00    3.35034
     6310.00    3.31363
     6311.00    3.29900
     6312.00    3.28791
     6313.00    3.26760
     6314.00    3.24384
     6315.00    3.20288
     6316.00    3.16910
     6317.00    3.16656
     6318.00    3.16493
     6319.00    3.21873
     6320.00    3.26071
     6321.00    3.27348
     6322.00    3.31080
     6323.00    3.33763
     6324.00    3.35530
     6325.00    3.35741
     6326.00    3.33675
     6327.00    3.35884
     6328.00    3.36487
     6329.00    3.34422
     6330.00    3.37247
     6331.00    3.34804
     6332.00    3.31759
     6333.00    3.30391
     6334.00    3.23463
     6335.00    3.21909
     6336.00    3.26990
     6337.00    3.26806
     6338.00    3.26722
     6339.00    3.28745
     6340.00    3.29361
     6341.00    3.28263
     6342.00    3.26516
     6343.00    3.27434
     6344.00    3.28656
     6345.00    3.27980
     6346.00    3.29763
     6347.00    3.33551
     6348.00    3.35539
     6349.00    3.34334
     6350.00    3.35067
     6351.00    3.33604
     6352.00    3.33845
     6353.00    3.32801
     6354.00    3.31589
     6355.00    3.30822
     6356.00    3.24943
     6357.00    3.20710
     6358.00    3.21028
     6359.00    3.21042
     6360.00    3.21555
     6361.00    3.25537
     6362.00    3.35683
     6363.00    3.41967
     6364.00    3.39195
     6365.00    3.34900
     6366.00    3.34917
     6367.00    3.38358
     6368.00    3.40296
     6369.00    3.37093
     6370.00    3.34534
     6371.00    3.38962
     6372.00    3.41398
     6373.00    3.41215
     6374.00    3.41648
     6375.00    3.41640
     6376.00    3.39611
     6377.00    3.35819
     6378.00    3.35788
     6379.00    3.34398
     6380.00    3.35018
     6381.00    3.37663
     6382.00    3.38816
     6383.00    3.36133
     6384.00    3.35038
     6385.00    3.38427
     6386.00    3.36894
     6387.00    3.34936
     6388.00    3.34912
     6389.00    3.34256
     6390.00    3.33905
     6391.00    3.28873
     6392.00    3.24574
     6393.00    3.23413
     6394.00    3.25182
     6395.00    3.30291
     6396.00    3.32622
     6397.00    3.29896
     6398.00    3.23876
     6399.00    3.20873
     6400.00    3.24100
     6401.00    3.31403
     6402.00    3.35053
     6403.00    3.37656
     6404.00    3.36914
     6405.00    3.34570
     6406.00    3.32985
     6407.00    3.32032
     6408.00    3.29145
     6409.00    3.24861
     6410.00    3.27398
     6411.00    3.29902
     6412.00    3.29601
     6413.00    3.32753
     6414.00    3.33328
     6415.00    3.31393
     6416.00    3.31054
     6417.00    3.30494
     6418.00    3.27598
     6419.00    3.24107
     6420.00    3.25789
     6421.00    3.28100
     6422.00    3.34120
     6423.00    3.34559
     6424.00    3.33809
     6425.00    3.37003
     6426.00    3.36958
     6427.00    3.36023
     6428.00    3.36904
     6429.00    3.33288
     6430.00    3.29771
     6431.00    3.27447
     6432.00    3.29523
     6433.00    3.33588
     6434.00    3.32785
     6435.00    3.33830
     6436.00    3.34510
     6437.00    3.27944
     6438.00    3.24489
     6439.00    3.27847
     6440.00    3.27808
     6441.00    3.28755
     6442.00    3.40788
     6443.00    3.44771
     6444.00    3.39760
     6445.00    3.38160
     6446.00    3.37548
     6447.00    3.30744
     6448.00    3.16655
     6449.00    3.12498
     6450.00    3.19939
     6451.00    3.27586
     6452.00    3.31793
     6453.00    3.32712
     6454.00    3.31763
     6455.00    3.28981
     6456.00    3.29701
     6457.00    3.35628
     6458.00    3.38171
     6459.00    3.38412
     6460.00    3.35385
     6461.00    3.27060
     6462.00    3.25470
     6463.00    3.31355
     6464.00    3.35539
     6465.00    3.39794
     6466.00    3.41462
     6467.00    3.41153
     6468.00    3.41906
     6469.00    3.39794
     6470.00    3.38879
     6471.00    3.39838
     6472.00    3.41327
     6473.00    3.41576
     6474.00    3.39199
     6475.00    3.41329
     6476.00    3.41718
     6477.00    3.41826
     6478.00    3.43748
     6479.00    3.36467
     6480.00    3.24113
     6481.00    3.19652
     6482.00    3.22086
     6483.00    3.30122
     6484.00    3.32342
     6485.00    3.36726
     6486.00    3.41960
     6487.00    3.39919
     6488.00    3.36119
     6489.00    3.35034
     6490.00    3.34453
     6491.00    3.28820
     6492.00    3.19622
     6493.00    3.10239
     6494.00    3.04058
     6495.00    3.03286
     6496.00    3.02522
     6497.00    3.06550
     6498.00    3.13885
     6499.00    3.19452
     6500.00    3.27418
     6501.00    3.33335
     6502.00    3.37309
     6503.00    3.39723
     6504.00    3.42925
     6505.00    3.46310
     6506.00    3.42923
     6507.00    3.37665
     6508.00    3.34976
     6509.00    3.37823
     6510.00    3.42454
     6511.00    3.43956
     6512.00    3.40950
     6513.00    3.38778
     6514.00    3.40223
     6515.00    3.39901
     6516.00    3.35116
     6517.00    3.34965
     6518.00    3.37087
     6519.00    3.41193
     6520.00    3.46724
     6521.00    3.44552
     6522.00    3.42120
     6523.00    3.47266
     6524.00    3.49168
     6525.00    3.46572
     6526.00    3.43308
     6527.00    3.42369
     6528.00    3.42729
     6529.00    3.44698
     6530.00    3.49605
     6531.00    3.49469
     6532.00    3.47283
     6533.00    3.51279
     6534.00    3.57099
     6535.00    3.60242
     6536.00    3.60060
     6537.00    3.60598
     6538.00    3.62584
     6539.00    3.63602
     6540.00    3.68448
     6541.00    3.75202
     6542.00    3.81718
     6543.00    3.88752
     6544.00    4.00674
     6545.00    4.32069
     6546.00    4.80709
     6547.00    5.04583
     6548.00    4.83769
     6549.00    4.48533
     6550.00    4.28856
     6551.00    4.26608
     6552.00    4.26263
     6553.00    4.20060
     6554.00    4.18846
     6555.00    4.23502
     6556.00    4.30250
     6557.00    4.44184
     6558.00    4.65485
     6559.00    5.15216
     6560.00    6.93358
     6561.00    9.50923
     6562.00    9.98033
     6563.00    7.66288
     6564.00    5.21554
     6565.00    4.26451
     6566.00    4.12337
     6567.00    4.01865
     6568.00    3.91264
     6569.00    3.86585
     6570.00    3.84817
     6571.00    3.81490
     6572.00    3.76203
     6573.00    3.73424
     6574.00    3.77965
     6575.00    3.84408
     6576.00    3.92168
     6577.00    3.98461
     6578.00    4.12644
     6579.00    4.39597
     6580.00    4.89599
     6581.00    6.00702
     6582.00    6.97037
     6583.00    6.66115
     6584.00    5.33689
     6585.00    4.30877
     6586.00    3.93659
     6587.00    3.78671
     6588.00    3.68150
     6589.00    3.58619
     6590.00    3.49507
     6591.00    3.41217
     6592.00    3.33871
     6593.00    3.29325
     6594.00    3.31295
     6595.00    3.33367
     6596.00    3.36260
     6597.00    3.37839
     6598.00    3.37474
     6599.00    3.39129
     6600.00    3.36251
     6601.00    3.36568
     6602.00    3.39728
     6603.00    3.36243
     6604.00    3.34604
     6605.00    3.33079
     6606.00    3.29403
     6607.00    3.26553
     6608.00    3.26578
     6609.00    3.28687
     6610.00    3.34261
     6611.00    3.34664
     6612.00    3.33747
     6613.00    3.35639
     6614.00    3.39470
     6615.00    3.39818
     6616.00    3.39178
     6617.00    3.39105
     6618.00    3.40405
     6619.00    3.40105
     6620.00    3.39012
     6621.00    3.38359
     6622.00    3.33986
     6623.00    3.32499
     6624.00    3.31425
     6625.00    3.31166
     6626.00    3.33306
     6627.00    3.36015
     6628.00    3.32924
     6629.00    3.27514
     6630.00    3.26292
     6631.00    3.29279
     6632.00    3.26196
     6633.00    3.22936
     6634.00    3.25838
     6635.00    3.28166
     6636.00    3.28978
     6637.00    3.31284
     6638.00    3.33572
     6639.00    3.30107
     6640.00    3.32150
     6641.00    3.31186
     6642.00    3.26903
     6643.00    3.27218
     6644.00    3.27596
     6645.00    3.29692
     6646.00    3.30675
     6647.00    3.29890
     6648.00    3.29195
     6649.00    3.31698
     6650.00    3.30398
     6651.00    3.26543
     6652.00    3.29237
     6653.00    3.30730
     6654.00    3.29303
     6655.00    3.30058
     6656.00    3.28731
     6657.00    3.30699
     6658.00    3.29872
     6659.00    3.25954
     6660.00    3.25954
     6661.00    3.25185
     6662.00    3.20940
     6663.00    3.19971
     6664.00    3.20893
     6665.00    3.24251
     6666.00    3.24343
     6667.00    3.29317
     6668.00    3.33351
     6669.00    3.35010
     6670.00    3.32238
     6671.00    3.33034
     6672.00    3.32101
     6673.00    3.31287
     6674.00    3.30486
     6675.00    3.29149
     6676.00    3.25192
     6677.00    3.22413
     6678.00    3.21967
     6679.00    3.24505
     6680.00    3.26769
     6681.00    3.27851
     6682.00    3.30941
     6683.00    3.30903
     6684.00    3.27809
     6685.00    3.30695
     6686.00    3.34575
     6687.00    3.32804
     6688.00    3.29004
     6689.00    3.30446
     6690.00    3.29791
     6691.00    3.30519
     6692.00    3.31497
     6693.00    3.28756
     6694.00    3.23247
     6695.00    3.22149
     6696.00    3.23998
     6697.00    3.24202
     6698.00    3.23779
     6699.00    3.30162
     6700.00    3.31746
     6701.00    3.29104
     6702.00    3.27872
     6703.00    3.29787
     6704.00    3.32215
     6705.00    3.35814
     6706.00    3.39124
     6707.00    3.39554
     6708.00    3.43362
     6709.00    3.50224
     6710.00    3.57709
     6711.00    3.69560
     6712.00    3.95914
     6713.00    4.45659
     6714.00    5.27715
     6715.00    5.89881
     6716.00    5.56482
     6717.00    4.61515
     6718.00    3.89887
     6719.00    3.63094
     6720.00    3.53347
     6721.00    3.49770
     6722.00    3.47904
     6723.00    3.51717
     6724.00    3.54805
     6725.00    3.61807
     6726.00    3.79246
     6727.00    4.08618
     6728.00    4.64338
     6729.00    5.23184
     6730.00    5.26803
     6731.00    4.64899
     6732.00    3.98931
     6733.00    3.66061
     6734.00    3.50740
     6735.00    3.40552
     6736.00    3.34917
     6737.00    3.31886
     6738.00    3.29766
     6739.00    3.26174
     6740.00    3.25465
     6741.00    3.24071
     6742.00    3.24192
     6743.00    3.26779
     6744.00    3.25658
     6745.00    3.22830
     6746.00    3.20834
     6747.00    3.20369
     6748.00    3.20275
     6749.00    3.22409
     6750.00    3.21222
     6751.00    3.21043
     6752.00    3.23088
     6753.00    3.21735
     6754.00    3.22669
     6755.00    3.27137
     6756.00    3.25917
     6757.00    3.25216
     6758.00    3.28545
     6759.00    3.30039
     6760.00    3.30705
     6761.00    3.28862
     6762.00    3.26676
     6763.00    3.27292
     6764.00    3.27267
     6765.00    3.22546
     6766.00    3.21187
     6767.00    3.21704
     6768.00    3.22275
     6769.00    3.24258
     6770.00    3.23873
     6771.00    3.26224
     6772.00    3.28340
     6773.00    3.28138
     6774.00    3.28738
     6775.00    3.31606
     6776.00    3.32848
     6777.00    3.32207
     6778.00    3.35012
     6779.00    3.32363
     6780.00    3.24546
     6781.00    3.22842
     6782.00    3.18408
     6783.00    3.16676
     6784.00    3.18257
     6785.00    3.18041
     6786.00    3.21816
     6787.00    3.25144
     6788.00    3.24943
     6789.00    3.25353
     6790.00    3.24267
     6791.00    3.23709
     6792.00    3.20993
     6793.00    3.20801
     6794.00    3.20968
     6795.00    3.20822
     6796.00    3.25161
     6797.00    3.24486
     6798.00    3.25912
     6799.00    3.26388
     6800.00    3.25657
     6801.00    3.26871
     6802.00    3.26346
     6803.00    3.23282
     6804.00    3.24181
     6805.00    3.23794
     6806.00    3.24442
     6807.00    3.27023
     6808.00    3.25801
     6809.00    3.25326
     6810.00    3.26615
     6811.00    3.28696
     6812.00    3.23253
     6813.00    3.25939
     6814.00    3.23154
     6815.00    3.22217
     6816.00    3.26330
     6817.00    3.36202
     6818.00    3.41923
     6819.00    3.30699
     6820.00    3.26768
     6821.00    3.27436
     6822.00    3.29042
     6823.00    3.34510
