     6155.88    12.3733
     6156.87    12.3625
     6157.86    12.6047
     6158.86    12.6357
     6159.85    12.5132
     6160.84    12.1920
     6161.83    12.0793
     6162.82    12.2476
     6163.81    12.3019
     6164.80    12.4175
     6165.79    12.3891
     6166.79    12.5067
     6167.78    12.7080
     6168.77    12.5895
     6169.76    12.6666
     6170.75    12.8192
     6171.74    12.8102
     6172.73    12.8931
     6173.72    12.8769
     6174.72    12.9150
     6175.71    12.8520
     6176.70    12.9388
     6177.69    12.9559
     6178.68    13.0036
     6179.67    13.0219
     6180.66    13.1279
     6181.66    13.3075
     6182.65    13.1992
     6183.64    13.2313
     6184.63    13.1750
     6185.62    12.9213
     6186.61    13.0060
     6187.60    12.8876
     6188.59    12.8281
     6189.59    12.7563
     6190.58    12.7282
     6191.57    12.6106
     6192.56    12.6738
     6193.55    12.7859
     6194.54    12.9969
     6195.53    13.0155
     6196.52    12.9288
     6197.52    12.9871
     6198.51    13.2004
     6199.50    12.9925
     6200.49    13.2457
     6201.48    13.2304
     6202.47    13.2944
     6203.46    13.3195
     6204.45    13.3349
     6205.45    13.0638
     6206.44    13.2430
     6207.43    13.3222
     6208.42    13.0170
     6209.41    13.0538
     6210.40    13.0449
     6211.39    12.9426
     6212.38    12.9970
     6213.38    12.7350
     6214.37    12.7325
     6215.36    12.6144
     6216.35    12.5168
     6217.34    12.4490
     6218.33    12.4285
     6219.32    12.5749
     6220.31    12.6154
     6221.31    12.5262
     6222.30    12.2971
     6223.29    12.5545
     6224.28    12.7122
     6225.27    12.7778
     6226.26    12.5082
     6227.25    12.5357
     6228.25    12.5780
     6229.24    12.5728
     6230.23    12.4870
     6231.22    12.6249
     6232.21    12.6164
     6233.20    12.5949
     6234.19    12.5352
     6235.18    12.7635
     6236.18    12.6388
     6237.17    12.7294
     6238.16    12.7193
     6239.15    12.6158
     6240.14    12.5126
     6241.13    12.4180
     6242.12    12.5250
     6243.11    12.3712
     6244.11    12.6493
     6245.10    12.5223
     6246.09    12.5117
     6247.08    12.5562
     6248.07    12.5879
     6249.06    12.5439
     6250.05    12.3990
     6251.04    12.5097
     6252.04    12.3893
     6253.03    12.3531
     6254.02    12.2534
     6255.01    12.1336
     6256.00    12.2552
     6256.99    12.3061
     6257.98    12.3108
     6258.98    12.3272
     6259.97    12.4997
     6260.96    12.5889
     6261.95    12.6033
     6262.94    12.8379
     6263.93    12.6956
     6264.92    12.6917
     6265.91    12.8886
     6266.91    12.8757
     6267.90    12.9464
     6268.89    12.9207
     6269.88    12.8253
     6270.87    12.8461
     6271.86    12.9642
     6272.85    12.9625
     6273.84    12.8134
     6274.84    12.9040
     6275.83    12.9435
     6276.82    12.9008
     6277.81    13.0231
     6278.80    13.0789
     6279.79    13.1525
     6280.78    13.1327
     6281.77    12.9802
     6282.77    12.9434
     6283.76    12.9371
     6284.75    13.0580
     6285.74    13.0900
     6286.73    13.1627
     6287.72    13.4037
     6288.71    13.3567
     6289.71    13.4080
     6290.70    13.3310
     6291.69    13.3568
     6292.68    13.2962
     6293.67    13.2344
     6294.66    13.4296
     6295.65    13.5835
     6296.64    13.5471
     6297.64    13.7835
     6298.63    14.0505
     6299.62    14.4478
     6300.61    14.7157
     6301.60    14.5871
     6302.59    14.4606
     6303.58    14.1855
     6304.57    13.7511
     6305.57    13.4731
     6306.56    13.6332
     6307.55    13.6496
     6308.54    13.6105
     6309.53    13.4760
     6310.52    13.4202
     6311.51    13.4930
     6312.50    13.3702
     6313.50    13.3213
     6314.49    13.1419
     6315.48    13.0992
     6316.47    12.9602
     6317.46    12.8465
     6318.45    12.8150
     6319.44    12.9615
     6320.44    12.9167
     6321.43    12.9856
     6322.42    13.1335
     6323.41    13.1717
     6324.40    13.2788
     6325.39    13.4225
     6326.38    13.4455
     6327.37    13.5290
     6328.37    13.5287
     6329.36    13.4242
     6330.35    13.5478
     6331.34    13.5326
     6332.33    13.4219
     6333.32    13.4282
     6334.31    13.2660
     6335.30    13.2010
     6336.30    13.1529
     6337.29    13.2259
     6338.28    13.0891
     6339.27    13.0166
     6340.26    13.0786
     6341.25    13.1630
     6342.24    13.1271
     6343.23    13.2322
     6344.23    13.1598
     6345.22    13.1961
     6346.21    13.2771
     6347.20    13.4583
     6348.19    13.3860
     6349.18    13.5255
     6350.17    13.6255
     6351.17    13.4721
     6352.16    13.4679
     6353.15    13.4751
     6354.14    13.4073
     6355.13    13.2786
     6356.12    13.3622
     6357.11    13.2641
     6358.10    13.2207
     6359.10    13.1588
     6360.09    13.0152
     6361.08    13.2368
     6362.07    13.3876
     6363.06    13.4787
     6364.05    13.6946
     6365.04    13.7511
     6366.03    13.7782
     6367.03    13.8629
     6368.02    13.9066
     6369.01    13.9275
     6370.00    14.1403
     6370.99    14.2407
     6371.98    14.5884
     6372.97    15.1585
     6373.96    15.6380
     6374.96    15.7188
     6375.95    15.1777
     6376.94    14.5876
     6377.93    14.2017
     6378.92    14.1845
     6379.91    14.1037
     6380.90    14.0628
     6381.89    13.9787
     6382.89    13.9428
     6383.88    14.0777
     6384.87    14.1438
     6385.86    14.0066
     6386.85    13.9984
     6387.84    14.1545
     6388.83    14.0621
     6389.83    14.0752
     6390.82    14.2041
     6391.81    14.0421
     6392.80    13.8936
     6393.79    14.0116
     6394.78    13.8355
     6395.77    13.8043
     6396.76    13.9001
     6397.76    13.8994
     6398.75    13.9422
     6399.74    13.8878
     6400.73    14.0742
     6401.72    14.0037
     6402.71    13.9494
     6403.70    14.0644
     6404.69    14.0894
     6405.69    14.1126
     6406.68    14.0254
     6407.67    13.9829
     6408.66    13.9825
     6409.65    14.0174
     6410.64    13.8757
     6411.63    13.9244
     6412.62    13.9462
     6413.62    13.9686
     6414.61    14.0692
     6415.60    14.1115
     6416.59    13.9573
     6417.58    14.0657
     6418.57    13.8663
     6419.56    13.8942
     6420.55    14.2117
     6421.55    14.4333
     6422.54    14.3900
     6423.53    14.4894
     6424.52    14.5291
     6425.51    14.6081
     6426.50    14.6099
     6427.49    14.4935
     6428.48    14.7309
     6429.48    14.8053
     6430.47    14.7233
     6431.46    14.6351
     6432.45    14.7793
     6433.44    14.8535
     6434.43    14.7935
     6435.42    14.8100
     6436.42    14.8881
     6437.41    14.9084
     6438.40    14.8252
     6439.39    14.9208
     6440.38    15.1324
     6441.37    15.2339
     6442.36    15.3997
     6443.35    15.4588
     6444.35    15.4159
     6445.34    15.5075
     6446.33    15.3572
     6447.32    15.3740
     6448.31    15.3279
     6449.30    15.2437
     6450.29    15.1688
     6451.28    15.1201
     6452.28    15.1177
     6453.27    15.3520
     6454.26    15.4591
     6455.25    15.5262
     6456.24    15.5592
     6457.23    15.5545
     6458.22    15.4522
     6459.21    15.6604
     6460.21    15.7451
     6461.20    16.0620
     6462.19    16.0364
     6463.18    16.1638
     6464.17    16.4694
     6465.16    16.5989
     6466.15    16.6106
     6467.15    16.8318
     6468.14    17.0113
     6469.13    17.0975
     6470.12    17.2981
     6471.11    17.8079
     6472.10    17.7333
     6473.09    18.0751
     6474.08    18.1574
     6475.08    18.2857
     6476.07    18.5315
     6477.06    18.7660
     6478.05    19.0154
     6479.04    19.1542
     6480.03    19.4651
     6481.02    19.6982
     6482.01    19.8669
     6483.01    20.0600
     6484.00    20.2391
     6484.99    20.3084
     6485.98    20.3855
     6486.97    20.6453
     6487.96    21.0182
     6488.95    21.2079
     6489.94    21.2964
     6490.94    21.1845
     6491.93    21.2406
     6492.92    21.5652
     6493.91    21.5796
     6494.90    21.5383
     6495.89    21.9099
     6496.88    22.2977
     6497.88    22.4284
     6498.87    22.9459
     6499.86    23.1960
     6500.85    23.3924
     6501.84    23.9132
     6502.83    24.1535
     6503.82    24.3942
     6504.81    24.7563
     6505.81    24.8892
     6506.80    25.2477
     6507.79    25.4930
     6508.78    25.7472
     6509.77    26.0625
     6510.76    26.2945
     6511.75    26.6865
     6512.74    26.9009
     6513.74    27.1567
     6514.73    27.2869
     6515.72    27.7905
     6516.71    27.6893
     6517.70    27.8172
     6518.69    28.0447
     6519.68    28.3218
     6520.67    28.4734
     6521.67    28.6242
     6522.66    28.8034
     6523.65    28.8449
     6524.64    29.0843
     6525.63    29.1211
     6526.62    29.3275
     6527.61    29.4971
     6528.60    29.6233
     6529.60    29.8938
     6530.59    30.0147
     6531.58    30.0419
     6532.57    30.4277
     6533.56    30.6419
     6534.55    30.6926
     6535.54    30.8011
     6536.54    31.2143
     6537.53    31.4771
     6538.52    31.8496
     6539.51    32.1128
     6540.50    32.3956
     6541.49    33.0348
     6542.48    33.4768
     6543.47    34.2695
     6544.47    35.3652
     6545.46    36.6873
     6546.45    37.8195
     6547.44    39.3815
     6548.43    40.1382
     6549.42    40.2142
     6550.41    39.8953
     6551.40    39.1621
     6552.40    38.2332
     6553.39    38.0214
     6554.38    38.2082
     6555.37    38.7576
     6556.36    39.4223
     6557.35    40.2207
     6558.34    41.3834
     6559.33    42.8552
     6560.33    44.5221
     6561.32    47.2809
     6562.31    49.4914
     6563.30    49.9000
     6564.29    48.9492
     6565.28    47.2773
     6566.27    44.4271
     6567.27    41.3823
     6568.26    39.5602
     6569.25    38.8687
     6570.24    38.2414
     6571.23    37.3391
     6572.22    36.5069
     6573.21    36.1401
     6574.20    35.9212
     6575.20    35.9375
     6576.19    36.4478
     6577.18    37.1563
     6578.17    37.6840
     6579.16    38.7617
     6580.15    40.4838
     6581.14    42.6680
     6582.13    45.6084
     6583.13    48.0281
     6584.12    47.6667
     6585.11    45.6166
     6586.10    42.0128
     6587.09    37.4188
     6588.08    33.2660
     6589.07    31.2316
     6590.06    30.4658
     6591.06    29.6049
     6592.05    29.1388
     6593.04    28.5258
     6594.03    27.9885
     6595.02    27.8716
     6596.01    27.3521
     6597.00    27.0869
     6597.99    26.7455
     6598.99    26.5203
     6599.98    26.2388
     6600.97    25.9189
     6601.96    25.4595
     6602.95    25.3904
     6603.94    24.8827
     6604.93    24.6696
     6605.93    24.4788
     6606.92    24.1443
     6607.91    23.9417
     6608.90    23.8776
     6609.89    23.8399
     6610.88    23.5099
     6611.87    23.4613
     6612.86    23.4864
     6613.86    23.1564
     6614.85    23.1664
     6615.84    23.2588
     6616.83    22.9970
     6617.82    22.9207
     6618.81    22.9331
     6619.80    22.7522
     6620.79    22.6223
     6621.79    22.5524
     6622.78    22.1258
     6623.77    22.0834
     6624.76    22.0433
     6625.75    21.7308
     6626.74    21.5447
     6627.73    21.3506
     6628.72    21.0617
     6629.72    20.6982
     6630.71    20.4006
     6631.70    20.1274
     6632.69    19.9093
     6633.68    19.7210
     6634.67    19.3336
     6635.66    19.0802
     6636.65    18.8698
     6637.65    18.5749
     6638.64    18.3450
     6639.63    18.0000
     6640.62    17.7833
     6641.61    17.4441
     6642.60    17.0809
     6643.59    16.8593
     6644.59    16.5554
     6645.58    16.2158
     6646.57    16.0681
     6647.56    15.9251
     6648.55    15.7968
     6649.54    15.5634
     6650.53    15.4410
     6651.52    15.3065
     6652.52    15.0336
     6653.51    14.9753
     6654.50    14.8419
     6655.49    14.5053
     6656.48    14.5168
     6657.47    14.3581
     6658.46    14.1115
     6659.45    14.0649
     6660.45    13.9433
     6661.44    13.8986
     6662.43    13.6954
     6663.42    13.5363
     6664.41    13.4643
     6665.40    13.4536
     6666.39    13.4035
     6667.38    13.4008
     6668.38    13.4405
     6669.37    13.4601
     6670.36    13.4163
     6671.35    13.5245
     6672.34    13.5126
     6673.33    13.5093
     6674.32    13.4452
     6675.31    13.4290
     6676.31    13.4391
     6677.30    13.3630
     6678.29    13.3616
     6679.28    13.3288
     6680.27    13.3298
     6681.26    13.3500
     6682.25    13.2936
     6683.25    13.3495
     6684.24    13.2392
     6685.23    13.2250
     6686.22    13.2998
     6687.21    13.2257
     6688.20    13.2316
     6689.19    13.2814
     6690.18    13.2995
     6691.18    13.2039
     6692.17    13.0959
     6693.16    13.0651
     6694.15    13.0938
     6695.14    13.0742
     6696.13    13.0082
     6697.12    13.1033
     6698.11    12.9117
     6699.11    12.8377
     6700.10    12.9711
     6701.09    13.0011
     6702.08    13.0116
     6703.07    13.0327
     6704.06    13.0264
     6705.05    13.0469
     6706.04    13.0092
     6707.04    12.9811
     6708.03    13.0400
     6709.02    13.1823
     6710.01    13.4871
     6711.00    13.6870
     6711.99    14.0542
     6712.98    14.5118
     6713.98    15.0354
     6714.97    15.7618
     6715.96    16.3194
     6716.95    16.3533
     6717.94    16.1747
     6718.93    15.8027
     6719.92    14.8998
     6720.91    13.9633
     6721.91    13.3235
     6722.90    13.2902
     6723.89    13.3998
     6724.88    13.5336
     6725.87    13.9016
     6726.86    14.3418
     6727.85    14.8407
     6728.84    15.4897
     6729.84    16.1413
     6730.83    16.5470
     6731.82    16.4333
     6732.81    16.2104
     6733.80    15.2563
     6734.79    14.1193
     6735.78    13.3007
     6736.77    12.8859
     6737.77    12.7265
     6738.76    12.7248
     6739.75    12.5627
     6740.74    12.5525
     6741.73    12.6751
     6742.72    12.4233
     6743.71    12.6428
     6744.71    12.4270
     6745.70    12.3927
     6746.69    12.4404
     6747.68    12.3023
     6748.67    12.3622
     6749.66    12.3629
     6750.65    12.2733
     6751.64    12.2557
     6752.64    12.3217
     6753.63    12.3076
     6754.62    12.4791
     6755.61    12.4215
     6756.60    12.3397
     6757.59    12.3642
     6758.58    12.5400
     6759.57    12.5920
     6760.57    12.4764
     6761.56    12.4455
     6762.55    12.4322
     6763.54    12.4921
     6764.53    12.4168
     6765.52    12.3540
     6766.51    12.3279
     6767.50    12.3575
     6768.50    12.3547
     6769.49    12.3885
     6770.48    12.3749
     6771.47    12.3912
     6772.46    12.5529
     6773.45    12.5723
     6774.44    12.6012
     6775.44    12.4810
     6776.43    12.4062
     6777.42    12.4827
     6778.41    12.4882
     6779.40    12.4072
     6780.39    12.4324
     6781.38    12.3888
     6782.37    12.4411
     6783.37    12.2760
     6784.36    12.3580
     6785.35    12.4617
     6786.34    12.3048
     6787.33    12.1914
     6788.32    12.2414
     6789.31    12.2950
     6790.30    12.3570
     6791.30    12.3198
     6792.29    12.2731
     6793.28    12.3396
     6794.27    12.3314
     6795.26    12.3956
     6796.25    12.4052
     6797.24    12.2567
     6798.23    12.4170
     6799.23    12.3680
     6800.22    12.3398
