     6182.68    3.72024
     6183.67    3.71402
     6184.67    3.62433
     6185.66    3.65566
     6186.66    3.59458
     6187.65    3.65552
     6188.65    3.59773
     6189.65    3.59360
     6190.64    3.48365
     6191.64    3.53286
     6192.63    3.57915
     6193.63    3.54190
     6194.62    3.60036
     6195.62    3.59803
     6196.61    3.66600
     6197.61    3.67239
     6198.61    3.60883
     6199.60    3.63110
     6200.60    3.71130
     6201.59    3.69747
     6202.59    3.74257
     6203.58    3.72780
     6204.58    3.72443
     6205.57    3.63458
     6206.57    3.70038
     6207.57    3.76820
     6208.56    3.60853
     6209.56    3.65336
     6210.55    3.74336
     6211.55    3.62813
     6212.54    3.57635
     6213.54    3.60394
     6214.54    3.51269
     6215.53    3.46617
     6216.53    3.50618
     6217.52    3.54027
     6218.52    3.51168
     6219.51    3.49574
     6220.51    3.44208
     6221.50    3.54819
     6222.50    3.50562
     6223.50    3.48975
     6224.49    3.53550
     6225.49    3.48270
     6226.48    3.49329
     6227.48    3.46731
     6228.47    3.48333
     6229.47    3.43442
     6230.46    3.46097
     6231.46    3.51831
     6232.46    3.41476
     6233.45    3.50866
     6234.45    3.49760
     6235.44    3.42639
     6236.44    3.48933
     6237.43    3.46143
     6238.43    3.45439
     6239.43    3.44399
     6240.42    3.43858
     6241.42    3.41323
     6242.41    3.44312
     6243.41    3.36419
     6244.40    3.44417
     6245.40    3.39380
     6246.39    3.45935
     6247.39    3.51195
     6248.39    3.45370
     6249.38    3.46031
     6250.38    3.42789
     6251.37    3.44209
     6252.37    3.40623
     6253.36    3.41155
     6254.36    3.34572
     6255.35    3.32019
     6256.35    3.27853
     6257.35    3.35152
     6258.34    3.37440
     6259.34    3.42595
     6260.33    3.45600
     6261.33    3.47855
     6262.32    3.50696
     6263.32    3.49096
     6264.32    3.55801
     6265.31    3.57958
     6266.31    3.56866
     6267.30    3.54242
     6268.30    3.56593
     6269.29    3.57668
     6270.29    3.51485
     6271.28    3.58067
     6272.28    3.56529
     6273.28    3.60826
     6274.27    3.68146
     6275.27    3.68456
     6276.26    3.65408
     6277.26    3.61159
     6278.25    3.59569
     6279.25    3.54559
     6280.24    3.55634
     6281.24    3.59124
     6282.24    3.64568
     6283.23    3.69021
     6284.23    3.72163
     6285.22    3.65112
     6286.22    3.69775
     6287.21    3.72751
     6288.21    3.79344
     6289.21    3.80001
     6290.20    3.87034
     6291.20    3.86821
     6292.19    3.81673
     6293.19    3.82094
     6294.18    3.89913
     6295.18    3.95825
     6296.17    4.00670
     6297.17    4.04992
     6298.17    4.12093
     6299.16    4.08789
     6300.16    4.12899
     6301.15    4.18993
     6302.15    4.19966
     6303.14    4.18082
     6304.14    4.03460
     6305.13    3.98611
     6306.13    3.94810
     6307.13    3.88945
     6308.12    3.85083
     6309.12    3.78508
     6310.11    3.73558
     6311.11    3.72837
     6312.10    3.78261
     6313.10    3.74961
     6314.10    3.62712
     6315.09    3.63746
     6316.09    3.59735
     6317.08    3.58115
     6318.08    3.53937
     6319.07    3.59318
     6320.07    3.62731
     6321.06    3.63719
     6322.06    3.63787
     6323.06    3.63627
     6324.05    3.66716
     6325.05    3.68340
     6326.04    3.72180
     6327.04    3.70652
     6328.03    3.69655
     6329.03    3.70405
     6330.02    3.71012
     6331.02    3.72104
     6332.02    3.71079
     6333.01    3.73517
     6334.01    3.64461
     6335.00    3.67190
     6336.00    3.66754
     6336.99    3.64513
     6337.99    3.66044
     6338.99    3.61351
     6339.98    3.59070
     6340.98    3.66658
     6341.97    3.60955
     6342.97    3.67974
     6343.96    3.64085
     6344.96    3.58449
     6345.95    3.66372
     6346.95    3.61327
     6347.95    3.60900
     6348.94    3.66784
     6349.94    3.65686
     6350.93    3.70168
     6351.93    3.71633
     6352.92    3.69245
     6353.92    3.57418
     6354.92    3.57151
     6355.91    3.62276
     6356.91    3.65092
     6357.90    3.64431
     6358.90    3.56850
     6359.89    3.53041
     6360.89    3.59432
     6361.88    3.62483
     6362.88    3.66197
     6363.88    3.67945
     6364.87    3.72958
     6365.87    3.71235
     6366.86    3.76523
     6367.86    3.80649
     6368.85    3.75615
     6369.85    3.73477
     6370.84    3.81097
     6371.84    3.73856
     6372.84    3.75903
     6373.83    3.77825
     6374.83    3.70260
     6375.82    3.76305
     6376.82    3.71718
     6377.81    3.78800
     6378.81    3.72781
     6379.80    3.73111
     6380.80    3.69580
     6381.80    3.74982
     6382.79    3.71760
     6383.79    3.73770
     6384.78    3.70496
     6385.78    3.72520
     6386.77    3.75986
     6387.77    3.71018
     6388.77    3.76706
     6389.76    3.73000
     6390.76    3.69018
     6391.75    3.67489
     6392.75    3.68139
     6393.74    3.63488
     6394.74    3.66433
     6395.73    3.59411
     6396.73    3.57096
     6397.73    3.59383
     6398.72    3.62278
     6399.72    3.70613
     6400.71    3.69741
     6401.71    3.62739
     6402.70    3.63268
     6403.70    3.69660
     6404.69    3.69602
     6405.69    3.66274
     6406.69    3.71885
     6407.68    3.66227
     6408.68    3.60632
     6409.67    3.68041
     6410.67    3.62917
     6411.66    3.58522
     6412.66    3.62037
     6413.66    3.61284
     6414.65    3.63451
     6415.65    3.61187
     6416.64    3.60860
     6417.64    3.56375
     6418.63    3.59470
     6419.63    3.63184
     6420.62    3.64712
     6421.62    3.65761
     6422.62    3.66483
     6423.61    3.68112
     6424.61    3.71255
     6425.60    3.76548
     6426.60    3.67863
     6427.59    3.70724
     6428.59    3.72068
     6429.58    3.71551
     6430.58    3.62763
     6431.58    3.67768
     6432.57    3.71662
     6433.57    3.70561
     6434.56    3.65876
     6435.56    3.61698
     6436.55    3.70224
     6437.55    3.71636
     6438.55    3.65021
     6439.54    3.70333
     6440.54    3.70931
     6441.53    3.70281
     6442.53    3.77025
     6443.52    3.76956
     6444.52    3.71658
     6445.51    3.67178
     6446.51    3.66745
     6447.51    3.62007
     6448.50    3.67194
     6449.50    3.65613
     6450.49    3.59279
     6451.49    3.59494
     6452.48    3.60967
     6453.48    3.71312
     6454.47    3.68717
     6455.47    3.63796
     6456.47    3.71409
     6457.46    3.75880
     6458.46    3.77215
     6459.45    3.68730
     6460.45    3.79982
     6461.44    3.75563
     6462.44    3.67095
     6463.44    3.67770
     6464.43    3.72507
     6465.43    3.72797
     6466.42    3.71011
     6467.42    3.68131
     6468.41    3.66852
     6469.41    3.74019
     6470.40    3.82577
     6471.40    3.79239
     6472.40    3.73531
     6473.39    3.85296
     6474.39    3.82724
     6475.38    3.74628
     6476.38    3.76475
     6477.37    3.80387
     6478.37    3.74409
     6479.36    3.78781
     6480.36    3.78503
     6481.36    3.67220
     6482.35    3.66876
     6483.35    3.66182
     6484.34    3.65114
     6485.34    3.68702
     6486.33    3.66305
     6487.33    3.53276
     6488.33    3.56489
     6489.32    3.51953
     6490.32    3.49936
     6491.31    3.52527
     6492.31    3.48464
     6493.30    3.45154
     6494.30    3.50808
     6495.29    3.43973
     6496.29    3.50291
     6497.29    3.47057
     6498.28    3.55198
     6499.28    3.57120
     6500.27    3.55904
     6501.27    3.59787
     6502.26    3.63061
     6503.26    3.66336
     6504.25    3.69611
     6505.25    3.66488
     6506.25    3.72733
     6507.24    3.69934
     6508.24    3.72635
     6509.23    3.74612
     6510.23    3.75260
     6511.22    3.74181
     6512.22    3.77908
     6513.22    3.76753
     6514.21    3.70865
     6515.21    3.79871
     6516.20    3.72006
     6517.20    3.77781
     6518.19    3.73233
     6519.19    3.76641
     6520.18    3.78683
     6521.18    3.78626
     6522.18    3.77986
     6523.17    3.78605
     6524.17    3.75696
     6525.16    3.79465
     6526.16    3.78557
     6527.15    3.83417
     6528.15    3.83921
     6529.15    3.85652
     6530.14    3.87854
     6531.14    3.83091
     6532.13    3.87239
     6533.13    3.78550
     6534.12    3.82030
     6535.12    3.85802
     6536.11    3.94201
     6537.11    3.98523
     6538.10    4.06119
     6539.10    3.99746
     6540.10    4.06852
     6541.09    4.14086
     6542.09    4.26630
     6543.08    4.21144
     6544.08    4.33204
     6545.07    4.31545
     6546.07    4.30972
     6547.07    4.45423
     6548.06    4.52998
     6549.06    4.50803
     6550.05    4.46810
     6551.05    4.46900
     6552.04    4.34694
     6553.04    4.37561
     6554.03    4.24114
     6555.03    4.25173
     6556.03    4.37224
     6557.02    4.35588
     6558.02    4.41477
     6559.01    4.63820
     6560.01    4.69163
     6561.00    4.77901
     6562.00    4.92235
     6563.00    4.96946
     6563.99    4.97732
     6564.99    4.88040
     6565.98    4.88447
     6566.98    4.65014
     6567.97    4.58256
     6568.97    4.42271
     6569.96    4.19546
     6570.96    4.16938
     6571.96    4.17056
     6572.95    4.10953
     6573.95    4.16832
     6574.94    4.18766
     6575.94    4.36939
     6576.93    4.54145
     6577.93    4.71762
     6578.92    4.86532
     6579.92    5.15552
     6580.92    5.32673
     6581.91    5.37862
     6582.91    5.45653
     6583.90    5.54986
     6584.90    5.59361
     6585.89    5.47750
     6586.89    5.23700
     6587.89    5.09252
     6588.88    4.75537
     6589.88    4.47912
     6590.87    4.25252
     6591.87    4.16523
     6592.86    3.97802
     6593.86    3.97259
     6594.85    3.93239
     6595.85    3.96995
     6596.85    3.89921
     6597.84    3.82259
     6598.84    3.89376
     6599.83    3.84831
     6600.83    3.79991
     6601.82    3.84661
     6602.82    3.82847
     6603.81    3.82357
     6604.81    3.74091
     6605.81    3.82085
     6606.80    3.81832
     6607.80    3.83132
     6608.79    3.85596
     6609.79    3.79725
     6610.78    3.79020
     6611.78    3.80012
     6612.78    3.69929
     6613.77    3.81710
     6614.77    3.81909
     6615.76    3.78253
     6616.76    3.80109
     6617.75    3.82546
     6618.75    3.85190
     6619.74    3.85058
     6620.74    3.82832
     6621.74    3.85209
     6622.73    3.86440
     6623.73    3.80683
     6624.72    3.73008
     6625.72    3.79538
     6626.71    3.72308
     6627.71    3.76152
     6628.70    3.75374
     6629.70    3.73695
     6630.70    3.70653
     6631.69    3.70211
     6632.69    3.65654
     6633.68    3.68002
     6634.68    3.68133
     6635.67    3.67418
     6636.67    3.69843
     6637.67    3.68306
     6638.66    3.71713
     6639.66    3.72742
     6640.65    3.72285
     6641.65    3.76554
     6642.64    3.78583
     6643.64    3.75324
     6644.63    3.76865
     6645.63    3.77382
     6646.63    3.75725
     6647.62    3.71292
     6648.62    3.76570
     6649.61    3.70195
     6650.61    3.72704
     6651.60    3.66521
     6652.60    3.71964
     6653.59    3.62733
     6654.59    3.64422
     6655.59    3.65874
     6656.58    3.64093
     6657.58    3.64733
     6658.57    3.65434
     6659.57    3.67168
     6660.56    3.66340
     6661.56    3.70875
     6662.56    3.69031
     6663.55    3.60505
     6664.55    3.66005
     6665.54    3.69153
     6666.54    3.63518
     6667.53    3.64615
     6668.53    3.66739
     6669.52    3.67685
     6670.52    3.66614
     6671.52    3.75549
     6672.51    3.71179
     6673.51    3.71124
     6674.50    3.71829
     6675.50    3.74285
     6676.49    3.71783
     6677.49    3.69459
     6678.48    3.65270
     6679.48    3.70008
     6680.48    3.67006
     6681.47    3.65229
     6682.47    3.67767
     6683.46    3.72041
     6684.46    3.71878
     6685.45    3.68358
     6686.45    3.69661
     6687.45    3.64492
     6688.44    3.68606
     6689.44    3.65010
     6690.43    3.74406
     6691.43    3.76719
     6692.42    3.63853
     6693.42    3.59679
     6694.41    3.61341
     6695.41    3.69286
     6696.41    3.64297
     6697.40    3.64919
     6698.40    3.67816
     6699.39    3.70910
     6700.39    3.68400
     6701.38    3.69496
     6702.38    3.70121
     6703.38    3.72830
     6704.37    3.69769
     6705.37    3.71833
     6706.36    3.80790
     6707.36    3.84130
     6708.35    3.82122
     6709.35    3.88967
     6710.34    3.94024
     6711.34    4.05765
     6712.33    4.17542
     6713.33    4.23148
     6714.33    4.31229
     6715.32    4.35163
     6716.32    4.39528
     6717.31    4.48062
     6718.31    4.44356
     6719.30    4.33401
     6720.30    4.33103
     6721.30    4.28635
     6722.29    4.16496
     6723.29    4.07684
     6724.28    4.08469
     6725.28    4.18988
     6726.27    4.25206
     6727.27    4.26513
     6728.26    4.33817
     6729.26    4.43076
     6730.26    4.40950
     6731.25    4.42957
     6732.25    4.49639
     6733.24    4.40122
     6734.24    4.32055
     6735.23    4.28350
     6736.23    4.13383
     6737.23    3.99897
     6738.22    3.91068
     6739.22    3.78848
     6740.21    3.78972
     6741.21    3.82760
     6742.20    3.73735
     6743.20    3.72263
     6744.19    3.71550
     6745.19    3.67420
     6746.19    3.64244
     6747.18    3.68486
     6748.18    3.65625
     6749.17    3.63846
     6750.17    3.66940
     6751.16    3.68141
     6752.16    3.72202
     6753.15    3.71879
     6754.15    3.69780
     6755.15    3.71889
     6756.14    3.76001
     6757.14    3.72612
     6758.13    3.69863
     6759.13    3.76216
     6760.12    3.76678
     6761.12    3.78677
     6762.12    3.73813
     6763.11    3.71458
     6764.11    3.71563
     6765.10    3.74414
     6766.10    3.75851
     6767.09    3.66144
     6768.09    3.68822
     6769.08    3.81973
     6770.08    3.73048
     6771.08    3.75999
     6772.07    3.74813
     6773.07    3.79553
     6774.06    3.83590
     6775.06    3.80805
     6776.05    3.84319
     6777.05    3.76477
     6778.04    3.77147
     6779.04    3.77660
     6780.04    3.75121
     6781.03    3.70780
     6782.03    3.77561
     6783.02    3.74717
     6784.02    3.73790
     6785.01    3.72757
     6786.01    3.75591
     6787.01    3.76459
     6788.00    3.69346
     6789.00    3.70191
     6789.99    3.69651
     6790.99    3.70040
     6791.98    3.75564
     6792.98    3.73461
     6793.97    3.66554
     6794.97    3.77264
     6795.97    3.75901
     6796.96    3.76644
     6797.96    3.74809
     6798.95    3.68911
     6799.95    3.71726
     6800.94    3.75232
     6801.94    3.80263
     6802.93    3.79742
     6803.93    3.78784
     6804.93    3.73223
     6805.92    3.79129
     6806.92    3.77926
     6807.91    3.78529
     6808.91    3.76963
     6809.90    3.80867
     6810.90    3.75348
     6811.90    3.77059
     6812.89    3.71283
     6813.89    3.76736
     6814.88    3.73136
     6815.88    3.71909
     6816.87    3.75582
     6817.87    3.81660
     6818.86    3.78866
     6819.86    3.84594
     6820.86    3.83048
     6821.85    3.76445
     6822.85    3.80515
     6823.84    3.84361
     6824.84    3.85554
     6825.83    3.76840
     6826.83    3.84954
     6827.82    3.83999
