     6189.00    10.6419
     6190.00    10.6847
     6191.00    10.6220
     6192.00   10.53912
     6193.00   10.49106
     6194.00    10.6074
     6195.00    10.5967
     6196.00    10.6536
     6197.00    10.7146
     6198.00    10.8758
     6199.00    10.8343
     6200.00    10.9124
     6201.00    10.9926
     6202.00    10.8803
     6203.00    11.0342
     6204.00    11.0262
     6205.00    10.9941
     6206.00    11.0554
     6207.00    10.9923
     6208.00    11.0845
     6209.00    11.0140
     6210.00    10.8561
     6211.00    10.8731
     6212.00    10.8455
     6213.00    10.6429
     6214.00    10.6672
     6215.00    10.6355
     6216.00   10.39679
     6217.00   10.27190
     6218.00   10.24527
     6219.00   10.24082
     6220.00   10.36026
     6221.00   10.25336
     6222.00   10.35839
     6223.00   10.31024
     6224.00   10.30875
     6225.00   10.36650
     6226.00   10.44143
     6227.00   10.38430
     6228.00   10.30888
     6229.00   10.25032
     6230.00   10.34099
     6231.00   10.24501
     6232.00   10.37561
     6233.00   10.39831
     6234.00   10.33363
     6235.00   10.33575
     6236.00   10.40641
     6237.00   10.44078
     6238.00   10.35166
     6239.00   10.38230
     6240.00   10.37375
     6241.00   10.28629
     6242.00   10.17336
     6243.00   10.24235
     6244.00   10.13449
     6245.00   10.05178
     6246.00   10.15120
     6247.00   10.33415
     6248.00   10.29939
     6249.00   10.28559
     6250.00   10.24572
     6251.00   10.24770
     6252.00   10.15600
     6253.00   10.26320
     6254.00   10.19202
     6255.00   10.08732
     6256.00   10.00801
     6257.00   10.05322
     6258.00   10.07723
     6259.00   10.13334
     6260.00   10.12433
     6261.00   10.38242
     6262.00   10.38594
     6263.00   10.40949
     6264.00   10.49009
     6265.00   10.49391
     6266.00   10.51060
     6267.00   10.57007
     6268.00    10.7092
     6269.00    10.6842
     6270.00   10.56973
     6271.00    10.7006
     6272.00    10.6612
     6273.00    10.6347
     6274.00    10.7611
     6275.00    10.7096
     6276.00    10.6600
     6277.00    10.6557
     6278.00    10.8081
     6279.00    10.8340
     6280.00    10.6643
     6281.00    10.6095
     6282.00    10.6367
     6283.00    10.7671
     6284.00    10.8134
     6285.00    10.7757
     6286.00    10.8466
     6287.00    10.9470
     6288.00    10.9298
     6289.00    10.8852
     6290.00    10.9726
     6291.00    10.8942
     6292.00    10.8422
     6293.00    10.8938
     6294.00    10.8774
     6295.00    10.8467
     6296.00    10.8654
     6297.00    10.7263
     6298.00    10.6402
     6299.00    10.6132
     6300.00    10.6763
     6301.00    10.6171
     6302.00   10.53730
     6303.00    10.6077
     6304.00    10.6835
     6305.00    10.5847
     6306.00    10.6108
     6307.00    10.7837
     6308.00    10.9000
     6309.00    10.9641
     6310.00    10.9377
     6311.00    10.8831
     6312.00    10.7312
     6313.00    10.7263
     6314.00    10.7233
     6315.00    10.6730
     6316.00    10.6579
     6317.00    10.5848
     6318.00    10.5887
     6319.00    10.6289
     6320.00    10.6405
     6321.00    10.6058
     6322.00   10.56582
     6323.00    10.6364
     6324.00    10.7506
     6325.00    10.8731
     6326.00    11.0109
     6327.00    11.0527
     6328.00    11.0011
     6329.00    10.9788
     6330.00    11.0333
     6331.00    10.9977
     6332.00    10.9949
     6333.00    11.0257
     6334.00    10.9910
     6335.00    11.0499
     6336.00    10.9866
     6337.00    10.8032
     6338.00    10.8357
     6339.00    10.8798
     6340.00    10.8143
     6341.00    10.7059
     6342.00    10.7701
     6343.00    10.7676
     6344.00    10.7912
     6345.00    10.8686
     6346.00    10.9073
     6347.00    10.9780
     6348.00    10.8752
     6349.00    10.8332
     6350.00    10.8637
     6351.00    10.9257
     6352.00    10.9672
     6353.00    10.9144
     6354.00    10.8375
     6355.00    10.8123
     6356.00    10.7427
     6357.00   10.57138
     6358.00   10.50249
     6359.00    10.5852
     6360.00   10.48189
     6361.00   10.45669
     6362.00   10.49968
     6363.00   10.44669
     6364.00   10.46630
     6365.00   10.47929
     6366.00   10.52274
     6367.00    10.6554
     6368.00    10.7433
     6369.00    10.7981
     6370.00    10.9943
     6371.00    11.0600
     6372.00    11.1054
     6373.00    11.1707
     6374.00    11.2071
     6375.00    11.2870
     6376.00    11.3173
     6377.00    11.2548
     6378.00    11.1144
     6379.00    11.0928
     6380.00    11.1774
     6381.00    11.0691
     6382.00    11.0151
     6383.00    11.0542
     6384.00    11.1517
     6385.00    11.1888
     6386.00    11.1528
     6387.00    11.2368
     6388.00    11.2522
     6389.00    11.1652
     6390.00    11.1675
     6391.00    11.1476
     6392.00    11.0831
     6393.00    11.0608
     6394.00    11.0638
     6395.00    11.0344
     6396.00    10.9920
     6397.00    11.0558
     6398.00    10.9349
     6399.00    10.8977
     6400.00    10.9712
     6401.00    11.0495
     6402.00    10.9969
     6403.00    11.0349
     6404.00    11.0340
     6405.00    11.0210
     6406.00    11.0492
     6407.00    11.0452
     6408.00    11.0421
     6409.00    11.0616
     6410.00    11.1392
     6411.00    11.0998
     6412.00    11.0267
     6413.00    10.9833
     6414.00    11.0023
     6415.00    10.9878
     6416.00    11.0303
     6417.00    11.0352
     6418.00    11.0041
     6419.00    11.0238
     6420.00    11.0250
     6421.00    11.0226
     6422.00    11.0596
     6423.00    11.1293
     6424.00    11.0440
     6425.00    11.0475
     6426.00    11.1412
     6427.00    11.1234
     6428.00    11.1284
     6429.00    11.1423
     6430.00    11.1628
     6431.00    11.1354
     6432.00    11.1409
     6433.00    11.1058
     6434.00    11.0467
     6435.00    11.0547
     6436.00    11.0548
     6437.00    11.1423
     6438.00    11.1915
     6439.00    11.1026
     6440.00    11.0964
     6441.00    11.1958
     6442.00    11.2655
     6443.00    11.2509
     6444.00    11.2363
     6445.00    11.2363
     6446.00    11.2546
     6447.00    11.1630
     6448.00    11.2208
     6449.00    11.0078
     6450.00    11.0550
     6451.00    11.1029
     6452.00    10.9827
     6453.00    11.0686
     6454.00    11.0544
     6455.00    11.0232
     6456.00    11.0273
     6457.00    11.1692
     6458.00    11.2223
     6459.00    11.1603
     6460.00    11.2399
     6461.00    11.1677
     6462.00    11.2205
     6463.00    11.3104
     6464.00    11.2303
     6465.00    11.1630
     6466.00    11.3872
     6467.00    11.3833
     6468.00    11.3804
     6469.00    11.3026
     6470.00    11.2700
     6471.00    11.3488
     6472.00    11.4241
     6473.00    11.4428
     6474.00    11.4752
     6475.00    11.5575
     6476.00    11.5084
     6477.00    11.4080
     6478.00    11.4532
     6479.00    11.3547
     6480.00    11.2007
     6481.00    11.2849
     6482.00    11.2412
     6483.00    11.1503
     6484.00    11.0773
     6485.00    11.1086
     6486.00    11.1685
     6487.00    11.1276
     6488.00    11.1439
     6489.00    10.9890
     6490.00    10.9164
     6491.00    10.8327
     6492.00    10.7728
     6493.00    10.6541
     6494.00   10.45312
     6495.00   10.52238
     6496.00   10.45129
     6497.00   10.40694
     6498.00   10.34283
     6499.00   10.41668
     6500.00   10.50892
     6501.00   10.49918
     6502.00    10.6308
     6503.00    10.9011
     6504.00    10.8945
     6505.00    10.8902
     6506.00    10.9798
     6507.00    11.1603
     6508.00    11.2031
     6509.00    11.1584
     6510.00    11.2044
     6511.00    11.2243
     6512.00    11.2109
     6513.00    11.1909
     6514.00    11.2893
     6515.00    11.3679
     6516.00    11.3492
     6517.00    11.4041
     6518.00    11.3572
     6519.00    11.2800
     6520.00    11.2338
     6521.00    11.1891
     6522.00    11.2686
     6523.00    11.2804
     6524.00    11.3536
     6525.00    11.3557
     6526.00    11.2991
     6527.00    11.3362
     6528.00    11.3476
     6529.00    11.3765
     6530.00    11.2101
     6531.00    11.1298
     6532.00    11.2770
     6533.00    11.3307
     6534.00    11.3914
     6535.00    11.4070
     6536.00    11.4212
     6537.00    11.4202
     6538.00    11.4593
     6539.00    11.4742
     6540.00    11.4113
     6541.00    11.4180
     6542.00    11.4248
     6543.00    11.4046
     6544.00    11.3932
     6545.00    11.2934
     6546.00    11.2234
     6547.00    11.2732
     6548.00    11.2319
     6549.00    11.1738
     6550.00    11.1882
     6551.00    11.1151
     6552.00    11.0231
     6553.00    10.9961
     6554.00    10.9809
     6555.00    10.9217
     6556.00    10.8652
     6557.00    10.7162
     6558.00   10.55430
     6559.00   10.46522
     6560.00   10.32920
     6561.00   10.27839
     6562.00   10.23996
     6563.00   10.18023
     6564.00   10.00530
     6565.00    9.98841
     6566.00   10.15335
     6567.00   10.29625
     6568.00   10.39640
     6569.00   10.53798
     6570.00    10.6365
     6571.00    10.6493
     6572.00    10.7082
     6573.00    10.8409
     6574.00    10.8565
     6575.00    10.8985
     6576.00    10.9437
     6577.00    11.0026
     6578.00    11.1434
     6579.00    11.1332
     6580.00    11.0463
     6581.00    11.1429
     6582.00    11.2605
     6583.00    11.2273
     6584.00    11.2200
     6585.00    11.2317
     6586.00    11.2509
     6587.00    11.2822
     6588.00    11.1659
     6589.00    11.1322
     6590.00    11.1365
     6591.00    11.0831
     6592.00    11.0415
     6593.00    11.0464
     6594.00    11.0871
     6595.00    11.0547
     6596.00    11.0547
     6597.00    11.0903
     6598.00    11.0353
     6599.00    11.0526
     6600.00    11.0652
     6601.00    11.1063
     6602.00    11.2114
     6603.00    11.1760
     6604.00    11.1279
     6605.00    11.0768
     6606.00    11.0645
     6607.00    11.0905
     6608.00    11.0895
     6609.00    11.1201
     6610.00    11.1043
     6611.00    11.0917
     6612.00    11.0800
     6613.00    11.1451
     6614.00    11.3028
     6615.00    11.3004
     6616.00    11.2853
     6617.00    11.3581
     6618.00    11.3843
     6619.00    11.3989
     6620.00    11.3668
     6621.00    11.3110
     6622.00    11.3443
     6623.00    11.3368
     6624.00    11.2092
     6625.00    11.1231
     6626.00    11.1443
     6627.00    11.1454
     6628.00    11.1212
     6629.00    11.0570
     6630.00    10.9870
     6631.00    10.9381
     6632.00    10.9259
     6633.00    10.9204
     6634.00    10.9314
     6635.00    10.9133
     6636.00    10.8838
     6637.00    10.9524
     6638.00    10.9305
     6639.00    10.9435
     6640.00    10.9808
     6641.00    10.9097
     6642.00    10.9163
     6643.00    10.9886
     6644.00    11.0726
     6645.00    11.1238
     6646.00    11.1236
     6647.00    11.0470
     6648.00    11.0555
     6649.00    11.0655
     6650.00    11.0244
     6651.00    11.0762
     6652.00    11.0647
     6653.00    11.0398
     6654.00    11.0208
     6655.00    10.9788
     6656.00    10.9296
     6657.00    10.9468
     6658.00    10.9060
     6659.00    10.8903
     6660.00    10.8804
     6661.00    10.9089
     6662.00    10.9124
     6663.00    10.8987
     6664.00    10.8563
     6665.00    10.8387
     6666.00    10.8314
     6667.00    10.7659
     6668.00    10.7487
     6669.00    10.8720
     6670.00    10.9116
     6671.00    10.9342
     6672.00    10.9816
     6673.00    11.0141
     6674.00    11.0153
     6675.00    11.0497
     6676.00    11.0063
     6677.00    10.9755
     6678.00    10.9479
     6679.00    10.9427
     6680.00    10.9728
     6681.00    10.8866
     6682.00    10.8124
     6683.00    10.8330
     6684.00    10.8448
     6685.00    10.9638
     6686.00    10.9839
     6687.00    10.9315
     6688.00    10.9905
     6689.00    11.0355
     6690.00    11.0119
     6691.00    11.0163
     6692.00    11.0813
     6693.00    11.0184
     6694.00    10.9688
     6695.00    10.9775
     6696.00    11.0066
     6697.00    10.9121
     6698.00    10.8620
     6699.00    10.9144
     6700.00    10.8671
     6701.00    10.8965
     6702.00    10.9515
     6703.00    10.9826
     6704.00    10.9671
     6705.00    11.0745
     6706.00    10.9930
     6707.00    11.0746
     6708.00    11.0996
     6709.00    11.0198
     6710.00    11.0056
     6711.00    10.9209
     6712.00    10.8883
     6713.00    10.8175
     6714.00    10.8072
     6715.00    10.7577
     6716.00    10.6528
     6717.00    10.6757
     6718.00    10.6625
     6719.00    10.6915
     6720.00    10.7142
     6721.00    10.7847
     6722.00    10.7512
     6723.00    10.7431
     6724.00    10.8164
     6725.00    10.8785
     6726.00    10.9352
     6727.00    11.0040
     6728.00    10.9935
     6729.00    10.9139
     6730.00    11.0824
     6731.00    11.0646
     6732.00    11.1369
     6733.00    11.1155
     6734.00    11.1029
     6735.00    10.9797
     6736.00    11.1766
     6737.00    11.1081
     6738.00    11.1114
     6739.00    11.0403
     6740.00    11.0344
     6741.00    10.9472
     6742.00    10.9117
     6743.00    11.0759
     6744.00    10.9585
     6745.00    10.8605
     6746.00    10.7747
     6747.00    10.7890
     6748.00    10.8400
     6749.00    10.8116
     6750.00    10.9132
     6751.00    10.7682
     6752.00    10.8410
     6753.00    10.9080
     6754.00    10.9666
     6755.00    10.8917
     6756.00    10.9411
     6757.00    10.9499
     6758.00    10.9609
     6759.00    10.9868
     6760.00    11.1543
     6761.00    11.1642
     6762.00    11.1519
     6763.00    11.1360
     6764.00    11.1144
     6765.00    11.1999
     6766.00    11.1791
     6767.00    11.1223
     6768.00    11.0749
     6769.00    11.0636
     6770.00    11.0368
     6771.00    11.1172
     6772.00    10.9957
     6773.00    11.1061
     6774.00    11.2092
     6775.00    11.1173
     6776.00    11.0636
     6777.00    11.2170
     6778.00    11.2037
     6779.00    11.1728
     6780.00    11.2039
     6781.00    11.2198
     6782.00    11.2571
     6783.00    11.0435
     6784.00    11.0955
     6785.00    11.1161
     6786.00    10.9885
     6787.00    11.0027
     6788.00    11.0747
     6789.00    11.0366
     6790.00    10.9019
     6791.00    10.9315
     6792.00    10.9293
     6793.00    10.9205
     6794.00    11.0241
     6795.00    11.0148
     6796.00    11.0160
     6797.00    11.0309
     6798.00    10.9886
     6799.00    11.0752
     6800.00    11.0784
     6801.00    11.0746
     6802.00    11.0901
     6803.00    11.0956
     6804.00    11.0832
     6805.00    11.1618
     6806.00    11.0616
     6807.00    11.1348
     6808.00    11.2626
     6809.00    11.2446
     6810.00    11.1773
     6811.00    11.1274
     6812.00    11.1639
     6813.00    11.1332
     6814.00    11.0942
     6815.00    11.2389
     6816.00    11.2388
     6817.00    11.1555
     6818.00    11.2200
     6819.00    11.2661
     6820.00    11.1380
     6821.00    11.1333
     6822.00    11.1885
     6823.00    11.2507
     6824.00    11.3259
     6825.00    11.3478
     6826.00    11.3786
     6827.00    11.3044
     6828.00    11.3828
     6829.00    11.4777
     6830.00    11.4127
     6831.00    11.4038
     6832.00    11.4029
     6833.00    11.2934
     6834.00    11.2675
