     6184.04    15.0493
     6185.03    15.2659
     6186.03    15.2901
     6187.02    15.1599
     6188.02    14.9781
     6189.02    14.6548
     6190.01    14.6446
     6191.01    14.5282
     6192.00    14.6237
     6193.00    14.6464
     6194.00    14.3937
     6194.99    14.6940
     6195.99    14.7429
     6196.98    14.6619
     6197.98    14.6530
     6198.97    14.8174
     6199.97    14.9178
     6200.97    14.8100
     6201.96    15.0081
     6202.96    15.0024
     6203.95    15.1107
     6204.95    15.0936
     6205.94    14.9657
     6206.94    15.1261
     6207.94    14.8565
     6208.93    14.8182
     6209.93    14.9461
     6210.92    14.7585
     6211.92    14.5317
     6212.92    14.2439
     6213.91    13.9972
     6214.91    13.7147
     6215.90    14.1087
     6216.90    13.8283
     6217.89    13.7761
     6218.89    13.9425
     6219.89    13.6369
     6220.88    13.8352
     6221.88    14.0339
     6222.87    14.0176
     6223.87    13.9926
     6224.87    13.9122
     6225.86    13.9495
     6226.86    14.0183
     6227.85    13.8988
     6228.85    13.9119
     6229.84    13.6144
     6230.84    13.8219
     6231.84    13.7167
     6232.83    13.7749
     6233.83    13.7839
     6234.82    13.7628
     6235.82    13.7871
     6236.81    13.7105
     6237.81    14.0299
     6238.81    13.9769
     6239.80    13.8010
     6240.80    13.7907
     6241.79    13.8166
     6242.79    13.6271
     6243.79    13.4787
     6244.78    13.6157
     6245.78    13.6384
     6246.77    13.8640
     6247.77    13.7861
     6248.77    13.7094
     6249.76    13.6958
     6250.76    13.6524
     6251.75    14.0437
     6252.75    13.8539
     6253.74    13.3894
     6254.74    13.3560
     6255.74    13.2792
     6256.73    13.2985
     6257.73    13.2114
     6258.72    13.3263
     6259.72    13.3805
     6260.71    13.6419
     6261.71    13.6377
     6262.71    13.8098
     6263.70    13.9003
     6264.70    13.9642
     6265.69    14.0269
     6266.69    14.4266
     6267.69    14.4555
     6268.68    14.3489
     6269.68    14.4077
     6270.67    14.4352
     6271.67    14.3208
     6272.66    14.4607
     6273.66    14.4305
     6274.66    14.5950
     6275.65    14.6534
     6276.65    14.4352
     6277.64    14.4436
     6278.64    14.7274
     6279.64    14.3643
     6280.63    14.4573
     6281.63    14.5371
     6282.62    14.2590
     6283.62    14.5474
     6284.61    15.0419
     6285.61    14.8024
     6286.61    14.6867
     6287.60    14.8369
     6288.60    15.0109
     6289.59    15.0503
     6290.59    14.9815
     6291.59    15.1198
     6292.58    15.1169
     6293.58    14.9188
     6294.57    14.8356
     6295.57    14.7014
     6296.56    14.5385
     6297.56    14.4716
     6298.56    14.4757
     6299.55    14.4699
     6300.55    14.2947
     6301.54    14.6525
     6302.54    14.6374
     6303.54    14.5279
     6304.53    14.8456
     6305.53    14.7190
     6306.52    14.8948
     6307.52    14.6767
     6308.51    14.7518
     6309.51    14.7025
     6310.51    14.8946
     6311.50    14.6434
     6312.50    14.7214
     6313.49    14.5511
     6314.49    14.2998
     6315.48    14.6904
     6316.48    14.5295
     6317.48    14.3835
     6318.47    14.2731
     6319.47    14.1565
     6320.46    14.2798
     6321.46    14.6260
     6322.46    14.6024
     6323.45    14.8292
     6324.45    15.0890
     6325.44    15.1034
     6326.44    15.0750
     6327.43    15.1455
     6328.43    15.2445
     6329.43    15.4453
     6330.42    15.1828
     6331.42    15.2292
     6332.41    15.0966
     6333.41    15.2669
     6334.41    15.0154
     6335.40    14.9379
     6336.40    14.8793
     6337.39    14.9215
     6338.39    15.0530
     6339.38    14.8229
     6340.38    14.6089
     6341.38    14.6547
     6342.37    14.7762
     6343.37    14.8686
     6344.36    14.8962
     6345.36    14.8181
     6346.36    14.4382
     6347.35    14.7954
     6348.35    14.8335
     6349.34    14.9474
     6350.34    14.8903
     6351.33    14.9501
     6352.33    14.7524
     6353.33    14.8533
     6354.32    14.9282
     6355.32    14.8550
     6356.31    14.5930
     6357.31    14.3717
     6358.31    14.1782
     6359.30    14.0345
     6360.30    13.9740
     6361.29    13.8152
     6362.29    13.9292
     6363.28    13.9147
     6364.28    13.9751
     6365.28    14.2633
     6366.27    14.5584
     6367.27    14.4055
     6368.26    14.7897
     6369.26    14.9350
     6370.25    15.1783
     6371.25    15.2554
     6372.25    15.2171
     6373.24    15.2337
     6374.24    15.5892
     6375.23    15.4621
     6376.23    15.3078
     6377.23    15.5676
     6378.22    15.3865
     6379.22    15.1035
     6380.21    15.2274
     6381.21    15.3836
     6382.20    15.4678
     6383.20    15.0839
     6384.20    15.1674
     6385.19    15.2838
     6386.19    15.3374
     6387.18    15.3539
     6388.18    15.3596
     6389.18    15.3349
     6390.17    15.3823
     6391.17    15.1562
     6392.16    15.1521
     6393.16    15.0286
     6394.15    14.8965
     6395.15    14.9878
     6396.15    15.0662
     6397.14    14.9216
     6398.14    14.8239
     6399.13    14.9934
     6400.13    15.0937
     6401.13    14.9806
     6402.12    15.0290
     6403.12    14.9846
     6404.11    15.0436
     6405.11    14.9818
     6406.10    14.8697
     6407.10    14.9614
     6408.10    15.0221
     6409.09    14.8115
     6410.09    15.0019
     6411.08    14.8369
     6412.08    14.8180
     6413.08    15.1133
     6414.07    14.7776
     6415.07    15.0180
     6416.06    14.9710
     6417.06    14.9206
     6418.05    15.0296
     6419.05    15.0903
     6420.05    15.0215
     6421.04    14.8106
     6422.04    14.7816
     6423.03    15.1324
     6424.03    15.0685
     6425.02    15.0024
     6426.02    14.9846
     6427.02    15.1092
     6428.01    15.2050
     6429.01    15.3672
     6430.00    15.3170
     6431.00    15.0663
     6432.00    14.8133
     6432.99    14.7895
     6433.99    14.9680
     6434.98    15.1279
     6435.98    15.1855
     6436.97    14.9915
     6437.97    14.7329
     6438.97    14.9235
     6439.96    15.0419
     6440.96    15.1924
     6441.95    15.2389
     6442.95    15.3797
     6443.95    15.5104
     6444.94    15.3494
     6445.94    15.2253
     6446.93    15.1702
     6447.93    14.9944
     6448.92    14.5342
     6449.92    14.4520
     6450.92    14.7678
     6451.91    14.7903
     6452.91    14.6303
     6453.90    14.7822
     6454.90    14.7977
     6455.90    14.8799
     6456.89    14.9908
     6457.89    14.9521
     6458.88    15.1256
     6459.88    15.2121
     6460.87    15.2644
     6461.87    15.4892
     6462.87    15.2958
     6463.86    15.2933
     6464.86    15.3355
     6465.85    15.1280
     6466.85    15.2712
     6467.85    15.2748
     6468.84    15.2630
     6469.84    15.2306
     6470.83    15.3829
     6471.83    15.6025
     6472.82    15.5933
     6473.82    15.5623
     6474.82    15.7342
     6475.81    15.6665
     6476.81    15.6808
     6477.80    15.5600
     6478.80    15.4944
     6479.79    15.4652
     6480.79    15.3535
     6481.79    15.2947
     6482.78    15.1823
     6483.78    15.2047
     6484.77    15.1887
     6485.77    15.0158
     6486.77    15.1494
     6487.76    14.7218
     6488.76    14.5249
     6489.75    14.3446
     6490.75    14.4630
     6491.74    14.2221
     6492.74    14.1935
     6493.74    13.9562
     6494.73    14.0485
     6495.73    13.7573
     6496.72    13.5404
     6497.72    13.7188
     6498.72    14.0304
     6499.71    14.0606
     6500.71    13.9482
     6501.70    14.2051
     6502.70    14.5262
     6503.69    14.7365
     6504.69    14.6773
     6505.69    14.7101
     6506.68    15.0399
     6507.68    15.1407
     6508.67    15.3062
     6509.67    15.1576
     6510.67    15.0553
     6511.66    15.2120
     6512.66    15.2078
     6513.65    15.2499
     6514.65    15.3250
     6515.64    14.9078
     6516.64    15.0287
     6517.64    15.1769
     6518.63    15.3363
     6519.63    15.3483
     6520.62    15.1972
     6521.62    15.1705
     6522.62    15.2205
     6523.61    15.2584
     6524.61    15.2220
     6525.60    15.2309
     6526.60    15.1759
     6527.59    15.3630
     6528.59    15.3250
     6529.59    15.3524
     6530.58    15.4431
     6531.58    15.3021
     6532.57    15.3259
     6533.57    15.4510
     6534.56    15.4624
     6535.56    15.4277
     6536.56    15.5113
     6537.55    15.5917
     6538.55    15.6053
     6539.54    15.6814
     6540.54    15.7336
     6541.54    15.8260
     6542.53    15.5285
     6543.53    15.6810
     6544.52    15.2900
     6545.52    15.3490
     6546.52    15.5419
     6547.51    15.3795
     6548.51    15.1402
     6549.50    15.2776
     6550.50    15.3035
     6551.49    15.1753
     6552.49    15.0369
     6553.49    14.9526
     6554.48    14.8584
     6555.48    14.6364
     6556.47    14.4673
     6557.47    14.2333
     6558.46    14.1959
     6559.46    14.1646
     6560.46    13.9909
     6561.45    13.9438
     6562.45    13.9050
     6563.44    13.8441
     6564.44    13.8737
     6565.44    13.9605
     6566.43    14.0970
     6567.43    14.2701
     6568.42    14.3503
     6569.42    14.5411
     6570.41    14.5363
     6571.41    14.5746
     6572.41    14.6403
     6573.40    14.8934
     6574.40    15.0763
     6575.39    14.9380
     6576.39    14.8403
     6577.39    15.0369
     6578.38    15.3568
     6579.38    15.3527
     6580.37    15.3707
     6581.37    15.4133
     6582.36    15.4234
     6583.36    15.4104
     6584.36    15.2383
     6585.35    15.3953
     6586.35    15.4914
     6587.34    15.5080
     6588.34    15.3110
     6589.33    15.1838
     6590.33    15.2165
     6591.33    15.0171
     6592.32    15.1567
     6593.32    15.0255
     6594.31    14.8035
     6595.31    14.8004
     6596.31    14.9878
     6597.30    15.1772
     6598.30    14.9783
     6599.29    15.0455
     6600.29    15.2490
     6601.29    15.3507
     6602.28    15.2192
     6603.28    15.1112
     6604.27    15.2636
     6605.27    15.1088
     6606.26    15.0361
     6607.26    15.0195
     6608.26    15.0792
     6609.25    15.0924
     6610.25    15.0768
     6611.24    15.0509
     6612.24    15.1923
     6613.23    15.3507
     6614.23    15.4119
     6615.23    15.5157
     6616.22    15.7231
     6617.22    15.7272
     6618.21    15.7448
     6619.21    15.6966
     6620.21    15.6804
     6621.20    15.7761
     6622.20    15.5625
     6623.19    15.5750
     6624.19    15.4052
     6625.18    15.1892
     6626.18    15.2840
     6627.18    15.1938
     6628.17    15.3006
     6629.17    15.2863
     6630.16    14.9986
     6631.16    14.6551
     6632.16    14.7433
     6633.15    14.7593
     6634.15    14.8193
     6635.14    14.8335
     6636.14    15.0381
     6637.13    15.1818
     6638.13    14.9173
     6639.13    14.9844
     6640.12    15.1197
     6641.12    14.9847
     6642.11    15.0478
     6643.11    15.0893
     6644.10    15.2011
     6645.10    15.2375
     6646.10    15.1745
     6647.09    15.2086
     6648.09    15.1138
     6649.08    15.0781
     6650.08    15.1597
     6651.08    15.2450
     6652.07    15.1358
     6653.07    15.0718
     6654.06    15.0755
     6655.06    15.0293
     6656.06    14.9983
     6657.05    15.0198
     6658.05    15.1024
     6659.04    14.9149
     6660.04    14.7025
     6661.03    14.6945
     6662.03    14.6075
     6663.03    14.7504
     6664.02    14.7396
     6665.02    14.8253
     6666.01    14.8170
     6667.01    14.9690
     6668.00    14.8636
     6669.00    14.6299
     6670.00    14.9637
     6670.99    15.0979
     6671.99    15.0062
     6672.98    15.0746
     6673.98    15.0371
     6674.98    15.0736
     6675.97    15.1000
     6676.97    15.1084
     6677.96    14.9014
     6678.96    14.8640
     6679.95    14.8120
     6680.95    14.7139
     6681.95    14.8037
     6682.94    14.6093
     6683.94    14.9943
     6684.93    14.8866
     6685.93    14.9121
     6686.93    14.9650
     6687.92    15.0892
     6688.92    14.9392
     6689.91    15.0462
     6690.91    15.1889
     6691.90    14.8847
     6692.90    14.7888
     6693.90    14.8877
     6694.89    14.8585
     6695.89    14.8406
     6696.88    14.7725
     6697.88    14.7298
     6698.88    14.7260
     6699.87    14.8942
     6700.87    14.8936
     6701.86    14.8807
     6702.86    14.8822
     6703.85    14.9035
     6704.85    15.0359
     6705.85    14.7921
     6706.84    14.7458
     6707.84    14.8910
     6708.83    14.9376
     6709.83    14.9104
     6710.83    14.6934
     6711.82    14.6865
     6712.82    14.6182
     6713.81    14.5951
     6714.81    14.5024
     6715.80    14.2444
     6716.80    14.5368
     6717.80    14.3178
     6718.79    14.1333
     6719.79    14.3538
     6720.78    14.4567
     6721.78    14.6993
     6722.77    14.4404
     6723.77    14.6029
     6724.77    14.6924
     6725.76    14.6745
     6726.76    14.5949
     6727.75    14.8319
     6728.75    14.9953
     6729.75    14.7681
     6730.74    15.0681
     6731.74    14.9346
     6732.73    14.9581
     6733.73    14.9617
     6734.72    14.7812
     6735.72    14.7571
     6736.72    14.6948
     6737.71    14.6255
     6738.71    14.8308
     6739.70    14.5641
     6740.70    14.4759
     6741.70    14.5679
     6742.69    14.4318
     6743.69    14.3033
     6744.68    14.4502
     6745.68    14.4537
     6746.67    14.2745
     6747.67    14.5344
     6748.67    14.5724
     6749.66    14.2849
     6750.66    14.4839
     6751.65    14.5686
     6752.65    14.4714
     6753.65    14.4868
     6754.64    14.5283
     6755.64    14.7690
     6756.63    14.5741
     6757.63    14.6343
     6758.62    14.8565
     6759.62    14.9508
     6760.62    14.5657
     6761.61    14.6299
     6762.61    14.6454
     6763.60    14.5640
     6764.60    14.4606
     6765.60    14.6126
     6766.59    14.4893
     6767.59    14.4756
     6768.58    14.4570
     6769.58    14.4705
     6770.57    14.4585
     6771.57    14.4905
     6772.57    14.5379
     6773.56    14.5306
     6774.56    14.4536
     6775.55    14.4105
     6776.55    14.5997
     6777.54    14.6688
     6778.54    14.8131
     6779.54    14.7171
     6780.53    14.6929
     6781.53    14.5108
     6782.52    14.3961
     6783.52    14.3274
     6784.52    14.2331
     6785.51    14.2917
     6786.51    14.0149
     6787.50    13.9991
     6788.50    14.2362
     6789.49    14.2448
     6790.49    14.0752
     6791.49    14.1877
     6792.48    14.2166
     6793.48    14.1093
     6794.47    14.1123
     6795.47    14.1247
     6796.47    14.0987
     6797.46    14.2165
     6798.46    14.1876
     6799.45    14.0992
     6800.45    14.1844
     6801.44    14.4447
     6802.44    14.5050
     6803.44    14.2844
     6804.43    14.4223
     6805.43    14.3725
     6806.42    14.1372
     6807.42    14.3838
     6808.42    14.4536
     6809.41    14.2814
     6810.41    14.0169
     6811.40    14.1048
     6812.40    14.3148
     6813.39    14.2934
     6814.39    14.3182
     6815.39    14.1219
     6816.38    14.2442
     6817.38    14.2301
     6818.37    14.2482
     6819.37    14.1663
     6820.37    14.2317
     6821.36    14.3188
     6822.36    14.2405
     6823.35    14.4083
     6824.35    14.4430
     6825.34    14.3535
     6826.34    14.3789
     6827.34    14.2390
     6828.33    14.4365
     6829.33    14.2168
