     6193.78    9.46036
     6194.78    9.44760
     6195.78    9.48790
     6196.77    9.47371
     6197.77    9.54573
     6198.77    9.56993
     6199.77    9.65401
     6200.76    9.63032
     6201.76    9.69807
     6202.76    9.83973
     6203.76    9.82640
     6204.75    9.81712
     6205.75    9.89652
     6206.75    9.86087
     6207.74    9.80094
     6208.74    9.85921
     6209.74    9.83512
     6210.74    9.78454
     6211.73    9.71688
     6212.73    9.70128
     6213.73    9.70350
     6214.73    9.63454
     6215.72    9.56168
     6216.72    9.56772
     6217.72    9.43252
     6218.72    9.33377
     6219.71    9.31487
     6220.71    9.31153
     6221.71    9.18709
     6222.71    9.17892
     6223.70    9.20680
     6224.70    9.44057
     6225.70    9.25408
     6226.70    9.24562
     6227.69    9.25292
     6228.69    9.21933
     6229.69    9.28100
     6230.68    9.26928
     6231.68    9.25309
     6232.68    9.23415
     6233.68    9.27205
     6234.67    9.26247
     6235.67    9.13618
     6236.67    9.20857
     6237.67    9.19975
     6238.66    9.17893
     6239.66    9.17439
     6240.66    9.23627
     6241.66    9.21325
     6242.65    9.14291
     6243.65    9.09976
     6244.65    9.12024
     6245.65    9.13221
     6246.64    9.14314
     6247.64    9.03799
     6248.64    9.11063
     6249.64    9.11195
     6250.63    9.00402
     6251.63    9.13506
     6252.63    9.06704
     6253.62    9.08978
     6254.62    9.00027
     6255.62    8.97623
     6256.62    8.95746
     6257.61    9.07626
     6258.61    8.88361
     6259.61    8.90569
     6260.61    8.86571
     6261.60    8.84653
     6262.60    8.97684
     6263.60    9.03399
     6264.60    9.04904
     6265.59    9.20333
     6266.59    9.13786
     6267.59    9.25022
     6268.59    9.48630
     6269.58    9.46439
     6270.58    9.45109
     6271.58    9.37348
     6272.57    9.54923
     6273.57    9.54134
     6274.57    9.51803
     6275.57    9.47732
     6276.56    9.43854
     6277.56    9.54016
     6278.56    9.55075
     6279.56    9.38383
     6280.55    9.49610
     6281.55    9.55674
     6282.55    9.65777
     6283.55    9.61930
     6284.54    9.55683
     6285.54    9.61362
     6286.54    9.66697
     6287.54    9.58004
     6288.53    9.73509
     6289.53    9.81464
     6290.53    9.70145
     6291.53    9.87939
     6292.52    9.90433
     6293.52    9.88741
     6294.52    9.79334
     6295.51    9.88844
     6296.51    9.80274
     6297.51    9.76141
     6298.51    9.74561
     6299.50    9.86275
     6300.50    9.91460
     6301.50    9.85740
     6302.50    9.98462
     6303.49    9.96410
     6304.49    9.88985
     6305.49    9.76308
     6306.49    9.80971
     6307.48    9.63311
     6308.48    9.58663
     6309.48    9.50898
     6310.48    9.50395
     6311.47    9.60940
     6312.47    9.51833
     6313.47    9.53994
     6314.47    9.52030
     6315.46    9.40906
     6316.46    9.43303
     6317.46    9.34302
     6318.45    9.33416
     6319.45    9.17794
     6320.45    9.09400
     6321.45    9.10958
     6322.44    9.11417
     6323.44    9.23907
     6324.44    9.29224
     6325.44    9.23796
     6326.43    9.37610
     6327.43    9.36957
     6328.43    9.40699
     6329.43    9.46989
     6330.42    9.50195
     6331.42    9.48113
     6332.42    9.48633
     6333.42    9.45627
     6334.41    9.35100
     6335.41    9.34252
     6336.41    9.40718
     6337.41    9.37496
     6338.40    9.40098
     6339.40    9.49519
     6340.40    9.25976
     6341.39    9.15578
     6342.39    9.22138
     6343.39    9.23681
     6344.39    9.17461
     6345.38    9.15954
     6346.38    9.12684
     6347.38    9.23833
     6348.38    9.14971
     6349.37    9.17387
     6350.37    9.17918
     6351.37    9.22333
     6352.37    9.29916
     6353.36    9.13447
     6354.36    9.19154
     6355.36    9.14952
     6356.36    9.14754
     6357.35    9.14893
     6358.35    9.03275
     6359.35    8.96745
     6360.35    8.90641
     6361.34    8.79624
     6362.34    8.86965
     6363.34    8.87700
     6364.33    8.82180
     6365.33    8.86202
     6366.33    8.95418
     6367.33    8.99632
     6368.32    9.00498
     6369.32    9.06095
     6370.32    9.08817
     6371.32    9.14190
     6372.31    9.17730
     6373.31    9.17820
     6374.31    9.21273
     6375.31    9.29373
     6376.30    9.34743
     6377.30    9.37808
     6378.30    9.35909
     6379.30    9.28395
     6380.29    9.30956
     6381.29    9.28402
     6382.29    9.22951
     6383.29    9.22975
     6384.28    9.27953
     6385.28    9.24784
     6386.28    9.19209
     6387.27    9.24521
     6388.27    9.22318
     6389.27    9.28853
     6390.27    9.24449
     6391.26    9.27264
     6392.26    9.16292
     6393.26    9.16850
     6394.26    9.12152
     6395.25    9.13058
     6396.25    9.14240
     6397.25    9.03582
     6398.25    9.09003
     6399.24    8.95808
     6400.24    8.98329
     6401.24    9.04324
     6402.24    8.97408
     6403.23    8.98734
     6404.23    8.98696
     6405.23    9.03618
     6406.23    9.11970
     6407.22    9.08269
     6408.22    9.05218
     6409.22    9.09347
     6410.21    8.97052
     6411.21    8.99099
     6412.21    9.07039
     6413.21    9.00938
     6414.20    8.93894
     6415.20    8.99135
     6416.20    8.89142
     6417.20    8.90837
     6418.19    8.90179
     6419.19    8.93547
     6420.19    8.87805
     6421.19    8.96731
     6422.18    8.81677
     6423.18    8.93531
     6424.18    8.97975
     6425.18    8.91062
     6426.17    8.91314
     6427.17    9.01401
     6428.17    8.96850
     6429.17    9.02670
     6430.16    9.11162
     6431.16    9.07240
     6432.16    8.96445
     6433.15    8.94854
     6434.15    9.04095
     6435.15    8.91564
     6436.15    8.87836
     6437.14    9.02076
     6438.14    8.99690
     6439.14    9.05271
     6440.14    9.04581
     6441.13    8.97824
     6442.13    8.96480
     6443.13    8.92470
     6444.13    9.00858
     6445.12    9.05999
     6446.12    9.10874
     6447.12    8.90288
     6448.12    8.92323
     6449.11    8.94969
     6450.11    8.92247
     6451.11    8.93562
     6452.10    8.87493
     6453.10    8.84796
     6454.10    8.85609
     6455.10    8.80323
     6456.09    8.81747
     6457.09    8.71314
     6458.09    8.71434
     6459.09    8.89418
     6460.08    8.95865
     6461.08    9.11681
     6462.08    9.01607
     6463.08    9.09909
     6464.07    9.08394
     6465.07    9.01324
     6466.07    9.09347
     6467.07    9.00820
     6468.06    8.95578
     6469.06    9.10973
     6470.06    9.13399
     6471.06    9.15050
     6472.05    9.16170
     6473.05    9.07475
     6474.05    9.08079
     6475.04    9.17711
     6476.04    9.20680
     6477.04    9.17124
     6478.04    9.12373
     6479.03    9.18260
     6480.03    9.09820
     6481.03    9.11094
     6482.03    9.08819
     6483.02    9.13141
     6484.02    9.16983
     6485.02    9.10798
     6486.02    9.00961
     6487.01    9.14417
     6488.01    9.00974
     6489.01    8.88856
     6490.01    8.92898
     6491.00    8.89406
     6492.00    8.77629
     6493.00    8.83283
     6494.00    8.70274
     6494.99    8.53757
     6495.99    8.43522
     6496.99    8.32477
     6497.98    8.30086
     6498.98    8.17123
     6499.98    8.23278
     6500.98    8.24087
     6501.97    8.30562
     6502.97    8.42257
     6503.97    8.54896
     6504.97    8.62576
     6505.96    8.65719
     6506.96    8.66995
     6507.96    8.76226
     6508.96    8.85854
     6509.95    8.95639
     6510.95    9.03145
     6511.95    8.93233
     6512.95    8.92144
     6513.94    9.00217
     6514.94    9.07066
     6515.94    9.00487
     6516.94    8.95679
     6517.93    9.07296
     6518.93    9.06969
     6519.93    9.13811
     6520.92    9.10804
     6521.92    9.17291
     6522.92    9.28793
     6523.92    9.20056
     6524.91    9.24341
     6525.91    9.03723
     6526.91    9.21045
     6527.91    9.29203
     6528.90    9.26106
     6529.90    9.24376
     6530.90    9.22245
     6531.90    9.27890
     6532.89    9.29634
     6533.89    9.34906
     6534.89    9.25849
     6535.89    9.20577
     6536.88    9.35359
     6537.88    9.32524
     6538.88    9.51001
     6539.88    9.48222
     6540.87    9.48917
     6541.87    9.52282
     6542.87    9.61436
     6543.86    9.63371
     6544.86    9.68643
     6545.86    9.71587
     6546.86    9.86320
     6547.85   10.15594
     6548.85   10.44965
     6549.85    10.7381
     6550.85    10.7758
     6551.84    10.6471
     6552.84   10.32631
     6553.84   10.12900
     6554.84    9.84843
     6555.83    9.68549
     6556.83    9.62512
     6557.83    9.51842
     6558.83    9.32366
     6559.82    9.34411
     6560.82    9.42158
     6561.82    9.68035
     6562.81   10.09846
     6563.81   10.54432
     6564.81    10.8913
     6565.81    10.9985
     6566.80    10.7375
     6567.80   10.34624
     6568.80    9.98852
     6569.80    9.71384
     6570.79    9.47449
     6571.79    9.38995
     6572.79    9.35303
     6573.79    9.32230
     6574.78    9.37161
     6575.78    9.38796
     6576.78    9.46414
     6577.78    9.59326
     6578.77    9.67624
     6579.77    9.84299
     6580.77    9.99143
     6581.77   10.40169
     6582.76    11.0452
     6583.76    11.8505
     6584.76    12.6875
     6585.75    13.3024
     6586.75    13.4252
     6587.75    12.7544
     6588.75    12.1322
     6589.74    11.5111
     6590.74    10.9427
     6591.74   10.37061
     6592.74   10.00625
     6593.73    9.77814
     6594.73    9.60549
     6595.73    9.43213
     6596.73    9.34601
     6597.72    9.26976
     6598.72    9.19246
     6599.72    9.26493
     6600.72    9.20531
     6601.71    9.17620
     6602.71    9.17119
     6603.71    9.20162
     6604.71    9.18980
     6605.70    9.10080
     6606.70    9.07132
     6607.70    9.17565
     6608.69    9.09373
     6609.69    9.05542
     6610.69    9.10625
     6611.69    9.13685
     6612.68    9.10473
     6613.68    9.12640
     6614.68    9.18559
     6615.68    9.10941
     6616.67    9.11358
     6617.67    9.25802
     6618.67    9.22737
     6619.67    9.23479
     6620.66    9.22159
     6621.66    9.19116
     6622.66    9.29908
     6623.66    9.23146
     6624.65    9.21939
     6625.65    9.24695
     6626.65    9.05544
     6627.65    9.13830
     6628.64    9.17601
     6629.64    9.07915
     6630.64    9.03184
     6631.63    8.98015
     6632.63    9.01987
     6633.63    8.95164
     6634.63    8.93764
     6635.62    8.90661
     6636.62    8.84573
     6637.62    8.91848
     6638.62    8.89338
     6639.61    8.85478
     6640.61    8.86542
     6641.61    8.89640
     6642.61    8.93991
     6643.60    9.00958
     6644.60    9.03382
     6645.60    8.99675
     6646.60    9.04583
     6647.59    9.01923
     6648.59    9.02979
     6649.59    9.05378
     6650.58    9.08053
     6651.58    9.00791
     6652.58    9.06981
     6653.58    9.10060
     6654.57    9.06461
     6655.57    9.08909
     6656.57    9.05763
     6657.57    8.90488
     6658.56    8.94044
     6659.56    9.04706
     6660.56    8.97138
     6661.56    8.98403
     6662.55    8.95725
     6663.55    8.87492
     6664.55    8.83080
     6665.55    8.88917
     6666.54    8.84562
     6667.54    8.87679
     6668.54    8.87068
     6669.54    8.86324
     6670.53    8.81183
     6671.53    8.83450
     6672.53    8.92193
     6673.52    8.99940
     6674.52    8.92144
     6675.52    8.98800
     6676.52    9.06156
     6677.51    9.01508
     6678.51    9.02410
     6679.51    8.95013
     6680.51    9.06118
     6681.50    8.97621
     6682.50    9.05392
     6683.50    9.05392
     6684.50    8.99307
     6685.49    8.95490
     6686.49    8.97623
     6687.49    8.94201
     6688.49    8.99391
     6689.48    9.05150
     6690.48    9.11252
     6691.48    9.16505
     6692.48    9.07665
     6693.47    9.08762
     6694.47    9.08641
     6695.47    8.99983
     6696.46    8.94870
     6697.46    9.00683
     6698.46    8.94764
     6699.46    8.89288
     6700.45    8.96963
     6701.45    8.91195
     6702.45    8.84998
     6703.45    8.93560
     6704.44    8.97750
     6705.44    8.94138
     6706.44    9.06277
     6707.44    9.05243
     6708.43    9.17255
     6709.43    9.13270
     6710.43    9.12255
     6711.43    9.08315
     6712.42    9.14184
     6713.42    9.19250
     6714.42    9.21032
     6715.42    9.30802
     6716.41    9.62016
     6717.41    9.96890
     6718.41   10.30080
     6719.40   10.35478
     6720.40   10.19241
     6721.40    9.85467
     6722.40    9.61349
     6723.39    9.53057
     6724.39    9.33650
     6725.39    9.27504
     6726.39    9.26283
     6727.38    9.29952
     6728.38    9.26559
     6729.38    9.30712
     6730.38    9.57295
     6731.37    9.86042
     6732.37   10.15349
     6733.37   10.35911
     6734.37   10.33434
     6735.36   10.19698
     6736.36    9.88513
     6737.36    9.69844
     6738.36    9.50288
     6739.35    9.26934
     6740.35    9.26914
     6741.35    9.15356
     6742.34    9.09015
     6743.34    9.04426
     6744.34    9.13107
     6745.34    9.00998
     6746.33    9.03918
     6747.33    9.03100
     6748.33    8.94155
     6749.33    9.00113
     6750.32    8.97572
     6751.32    8.94108
     6752.32    8.92763
     6753.32    9.00373
     6754.31    8.99850
     6755.31    8.98083
     6756.31    9.08456
     6757.31    9.06438
     6758.30    9.12487
     6759.30    9.15863
     6760.30    9.21497
     6761.30    9.26229
     6762.29    9.21083
     6763.29    9.27283
     6764.29    9.22567
     6765.28    9.25175
     6766.28    9.23446
     6767.28    9.19567
     6768.28    9.07712
     6769.27    9.19305
     6770.27    9.20192
     6771.27    9.21446
     6772.27    9.20222
     6773.26    9.15481
     6774.26    9.26905
     6775.26    9.25368
     6776.26    9.32032
     6777.25    9.31046
     6778.25    9.31158
     6779.25    9.37789
     6780.25    9.35276
     6781.24    9.38515
     6782.24    9.29978
     6783.24    9.31504
     6784.24    9.38323
     6785.23    9.24247
     6786.23    9.20713
     6787.23    9.21033
     6788.22    9.29974
     6789.22    9.32729
     6790.22    9.18806
     6791.22    9.21273
     6792.21    9.26731
     6793.21    9.26540
     6794.21    9.27796
     6795.21    9.22596
     6796.20    9.28973
     6797.20    9.36521
     6798.20    9.38473
     6799.20    9.32514
     6800.19    9.32992
     6801.19    9.37753
     6802.19    9.32578
     6803.19    9.39897
     6804.18    9.39300
     6805.18    9.43215
     6806.18    9.37838
     6807.18    9.40299
     6808.17    9.50844
     6809.17    9.45499
     6810.17    9.51017
     6811.16    9.44496
     6812.16    9.38685
     6813.16    9.38330
     6814.16    9.49724
     6815.15    9.41601
     6816.15    9.36381
     6817.15    9.46155
     6818.15    9.50507
     6819.14    9.47196
     6820.14    9.46403
     6821.14    9.41154
     6822.14    9.50113
     6823.13    9.50134
     6824.13    9.60889
     6825.13    9.55687
     6826.13    9.56895
     6827.12    9.56888
     6828.12    9.47655
     6829.12    9.47709
     6830.12    9.52977
     6831.11    9.55417
     6832.11    9.56805
     6833.11    9.59844
     6834.10    9.69322
     6835.10    9.66829
     6836.10    9.55292
     6837.10    9.50651
     6838.09    9.51365
     6839.09    9.37430
     6840.09    9.37252
