     6217.85    15.8483
     6218.85    15.8336
     6219.84    15.7917
     6220.84    15.8052
     6221.84    15.8646
     6222.83    15.8304
     6223.83    15.8149
     6224.83    15.8696
     6225.82    15.8240
     6226.82    15.8551
     6227.82    15.9187
     6228.81    15.9402
     6229.81    15.7265
     6230.81    15.8233
     6231.80    15.9123
     6232.80    15.8752
     6233.79    15.7564
     6234.79    15.8338
     6235.79    16.0326
     6236.78    15.8807
     6237.78    15.8751
     6238.78    15.9210
     6239.77    15.9210
     6240.77    15.7574
     6241.77    15.8186
     6242.76    15.8017
     6243.76    15.6505
     6244.76    15.4922
     6245.75    15.7374
     6246.75    15.7220
     6247.75    15.6780
     6248.74    15.7311
     6249.74    15.7577
     6250.73    15.7358
     6251.73    15.7372
     6252.73    15.7076
     6253.72    15.7180
     6254.72    15.8822
     6255.72    15.8833
     6256.71    15.7337
     6257.71    15.9570
     6258.71    16.0014
     6259.70    16.1376
     6260.70    16.4130
     6261.70    16.3944
     6262.69    16.6166
     6263.69    16.6597
     6264.68    16.5080
     6265.68    16.4849
     6266.68    16.6441
     6267.67    16.5669
     6268.67    16.7372
     6269.67    16.7845
     6270.66    16.7515
     6271.66    17.0225
     6272.66    16.8194
     6273.65    16.8007
     6274.65    16.8406
     6275.65    17.0322
     6276.64    17.2219
     6277.64    17.1556
     6278.63    17.3230
     6279.63    17.5902
     6280.63    17.4878
     6281.62    17.7313
     6282.62    17.9151
     6283.62    18.0140
     6284.61    18.0026
     6285.61    18.3471
     6286.61    18.6363
     6287.60    18.9422
     6288.60    18.8746
     6289.60    19.1988
     6290.59    19.5263
     6291.59    19.6228
     6292.59    20.1213
     6293.58    20.6439
     6294.58    21.1277
     6295.57    21.5813
     6296.57    22.0423
     6297.57    22.6490
     6298.56    23.2455
     6299.56    23.3937
     6300.56    23.3482
     6301.55    23.0323
     6302.55    22.2454
     6303.55    21.6814
     6304.54    21.2416
     6305.54    20.7709
     6306.54    20.2766
     6307.53    19.9317
     6308.53    19.6645
     6309.52    19.3717
     6310.52    19.0720
     6311.52    18.7012
     6312.51    18.6744
     6313.51    18.5152
     6314.51    18.2784
     6315.50    17.9791
     6316.50    17.9765
     6317.50    17.9090
     6318.49    17.8186
     6319.49    17.9524
     6320.49    17.7891
     6321.48    17.6833
     6322.48    17.7359
     6323.48    17.8160
     6324.47    17.8575
     6325.47    17.7865
     6326.46    17.9151
     6327.46    17.9612
     6328.46    17.8016
     6329.45    17.7351
     6330.45    17.7328
     6331.45    17.6974
     6332.44    17.5092
     6333.44    17.5998
     6334.44    17.6767
     6335.43    17.7552
     6336.43    17.5883
     6337.43    17.4703
     6338.42    17.3774
     6339.42    17.2832
     6340.42    17.3742
     6341.41    17.3882
     6342.41    17.3660
     6343.40    17.3980
     6344.40    17.3789
     6345.40    17.2594
     6346.39    17.4376
     6347.39    17.4130
     6348.39    17.3253
     6349.38    17.3500
     6350.38    17.5791
     6351.38    17.5177
     6352.37    17.3921
     6353.37    17.3696
     6354.37    17.5803
     6355.36    17.5761
     6356.36    17.6239
     6357.35    17.6626
     6358.35    17.8788
     6359.35    18.1086
     6360.34    18.0404
     6361.34    18.3504
     6362.34    18.7409
     6363.33    18.8011
     6364.33    18.6752
     6365.33    18.5415
     6366.32    18.4006
     6367.32    18.3713
     6368.32    18.1825
     6369.31    18.2096
     6370.31    18.2363
     6371.30    18.2399
     6372.30    18.1914
     6373.30    18.2725
     6374.29    18.1340
     6375.29    18.0741
     6376.29    17.9991
     6377.28    17.8015
     6378.28    17.8102
     6379.28    17.8054
     6380.27    17.7562
     6381.27    17.7220
     6382.27    17.7760
     6383.26    17.6245
     6384.26    17.6838
     6385.26    17.6511
     6386.25    17.5909
     6387.25    17.4384
     6388.24    17.5438
     6389.24    17.5807
     6390.24    17.4471
     6391.23    17.5200
     6392.23    17.4639
     6393.23    17.3522
     6394.22    17.4314
     6395.22    17.3044
     6396.22    17.3461
     6397.21    17.2011
     6398.21    17.2596
     6399.21    17.3149
     6400.20    17.3691
     6401.20    17.1706
     6402.19    17.2252
     6403.19    17.3300
     6404.19    17.2923
     6405.18    17.2080
     6406.18    17.1731
     6407.18    17.1894
     6408.17    17.1777
     6409.17    17.1182
     6410.17    17.0088
     6411.16    16.9657
     6412.16    17.1042
     6413.16    17.1628
     6414.15    17.0423
     6415.15    16.9721
     6416.15    16.9612
     6417.14    16.9053
     6418.14    17.0059
     6419.13    17.1183
     6420.13    17.1176
     6421.13    17.1513
     6422.12    17.1487
     6423.12    17.2751
     6424.12    17.2907
     6425.11    17.3453
     6426.11    17.2480
     6427.11    17.2733
     6428.10    17.3486
     6429.10    17.3233
     6430.10    17.3359
     6431.09    17.2472
     6432.09    17.2301
     6433.08    17.4850
     6434.08    17.3899
     6435.08    17.2578
     6436.07    17.2446
     6437.07    17.3175
     6438.07    17.2976
     6439.06    17.5192
     6440.06    17.5291
     6441.06    17.3884
     6442.05    17.3864
     6443.05    17.3117
     6444.05    17.4426
     6445.04    17.4311
     6446.04    17.2465
     6447.04    17.3778
     6448.03    17.4758
     6449.03    17.4321
     6450.02    17.2164
     6451.02    17.2633
     6452.02    17.0042
     6453.01    17.1077
     6454.01    17.4494
     6455.01    17.5833
     6456.00    17.5118
     6457.00    17.4396
     6458.00    17.7280
     6458.99    17.9003
     6459.99    17.5390
     6460.99    17.5485
     6461.98    17.9261
     6462.98    17.9762
     6463.97    18.0103
     6464.97    18.0135
     6465.97    18.0620
     6466.96    18.0035
     6467.96    17.9178
     6468.96    17.9674
     6469.95    18.0691
     6470.95    18.1033
     6471.95    18.1235
     6472.94    18.1517
     6473.94    18.0144
     6474.94    18.2032
     6475.93    18.3363
     6476.93    18.3411
     6477.92    18.3913
     6478.92    18.3397
     6479.92    18.2604
     6480.91    18.3192
     6481.91    18.1196
     6482.91    18.1539
     6483.90    18.2070
     6484.90    17.8580
     6485.90    17.8196
     6486.89    17.8223
     6487.89    17.6571
     6488.89    17.6996
     6489.88    17.5411
     6490.88    17.2448
     6491.88    17.0938
     6492.87    16.8444
     6493.87    16.7198
     6494.86    17.0502
     6495.86    17.2398
     6496.86    17.3945
     6497.85    17.5654
     6498.85    17.7243
     6499.85    17.5908
     6500.84    17.7145
     6501.84    17.9231
     6502.84    17.9789
     6503.83    18.0944
     6504.83    18.1929
     6505.83    18.1690
     6506.82    18.2358
     6507.82    18.1975
     6508.81    18.2394
     6509.81    18.3044
     6510.81    18.4094
     6511.80    18.3834
     6512.80    18.5224
     6513.80    18.6969
     6514.79    18.8239
     6515.79    18.8608
     6516.79    18.8260
     6517.78    18.9477
     6518.78    18.8892
     6519.78    18.7695
     6520.77    18.8033
     6521.77    19.1519
     6522.77    19.2390
     6523.76    19.2381
     6524.76    19.2598
     6525.75    19.3320
     6526.75    19.6166
     6527.75    19.7510
     6528.74    19.7387
     6529.74    19.7496
     6530.74    20.0174
     6531.73    20.3099
     6532.73    20.5266
     6533.73    20.5185
     6534.72    20.7336
     6535.72    21.1199
     6536.72    21.2081
     6537.71    21.4395
     6538.71    21.9373
     6539.71    22.2136
     6540.70    22.5093
     6541.70    23.3008
     6542.69    24.2655
     6543.69    25.0753
     6544.69    26.0408
     6545.68    26.9386
     6546.68    27.7569
     6547.68    27.9898
     6548.67    27.5509
     6549.67    27.4055
     6550.67    26.8984
     6551.66    26.5785
     6552.66    26.7922
     6553.66    27.2485
     6554.65    27.8918
     6555.65    28.4216
     6556.64    29.3244
     6557.64    30.4979
     6558.64    32.1467
     6559.63    33.8722
     6560.63    35.7727
     6561.63    37.0838
     6562.62    37.3001
     6563.62    36.2371
     6564.62    34.3807
     6565.61    32.7018
     6566.61    31.2341
     6567.61    30.1109
     6568.60    29.1309
     6569.60    28.5420
     6570.59    28.0853
     6571.59    27.7750
     6572.59    27.5957
     6573.58    27.7564
     6574.58    28.1189
     6575.58    28.7192
     6576.57    29.5835
     6577.57    30.8082
     6578.57    32.2789
     6579.56    34.2795
     6580.56    36.3200
     6581.56    38.2175
     6582.55    39.2088
     6583.55    38.8203
     6584.55    36.4711
     6585.54    33.7800
     6586.54    31.3165
     6587.53    29.5169
     6588.53    27.7587
     6589.53    26.3295
     6590.52    25.2344
     6591.52    24.5241
     6592.52    23.7345
     6593.51    23.0328
     6594.51    22.3773
     6595.51    21.7520
     6596.50    21.4999
     6597.50    21.0437
     6598.50    20.5207
     6599.49    20.3886
     6600.49    20.1833
     6601.48    19.8713
     6602.48    19.6976
     6603.48    19.3839
     6604.47    19.3673
     6605.47    19.1514
     6606.47    19.0917
     6607.46    19.0224
     6608.46    18.8753
     6609.46    18.8191
     6610.45    18.7296
     6611.45    18.7081
     6612.45    18.6176
     6613.44    18.5122
     6614.44    18.4005
     6615.44    18.5059
     6616.43    18.3379
     6617.43    18.4428
     6618.42    18.2582
     6619.42    18.1889
     6620.42    18.2234
     6621.41    17.9169
     6622.41    18.0384
     6623.41    17.9266
     6624.40    17.7627
     6625.40    17.7013
     6626.40    17.7176
     6627.39    17.5990
     6628.39    17.5483
     6629.39    17.5626
     6630.38    17.3917
     6631.38    17.4413
     6632.38    17.3097
     6633.37    17.1659
     6634.37    17.2700
     6635.36    17.2652
     6636.36    17.1993
     6637.36    17.2255
     6638.35    17.1352
     6639.35    17.2132
     6640.35    17.2002
     6641.34    17.2528
     6642.34    17.2712
     6643.34    17.2244
     6644.33    17.1929
     6645.33    17.1973
     6646.33    17.1727
     6647.32    17.1796
     6648.32    17.1671
     6649.31    17.1922
     6650.31    17.1085
     6651.31    16.8892
     6652.30    16.9741
     6653.30    17.0360
     6654.30    16.8955
     6655.29    16.8800
     6656.29    16.8212
     6657.29    16.8002
     6658.28    16.7510
     6659.28    16.7489
     6660.28    16.6901
     6661.27    16.7307
     6662.27    16.6055
     6663.26    16.6544
     6664.26    16.7343
     6665.26    16.7128
     6666.25    16.6941
     6667.25    16.5798
     6668.25    16.6834
     6669.24    16.8363
     6670.24    16.7492
     6671.24    16.8170
     6672.23    16.8180
     6673.23    16.7874
     6674.23    16.8740
     6675.22    16.7577
     6676.22    16.6996
     6677.22    16.8157
     6678.21    16.8447
     6679.21    16.8042
     6680.20    16.7113
     6681.20    16.7211
     6682.20    16.6509
     6683.19    16.6442
     6684.19    16.7177
     6685.19    16.6527
     6686.18    16.6552
     6687.18    16.7703
     6688.18    16.6510
     6689.17    16.7013
     6690.17    16.7975
     6691.17    16.6283
     6692.16    16.6063
     6693.16    16.6702
     6694.15    16.6910
     6695.15    16.6797
     6696.15    16.5709
     6697.14    16.7303
     6698.14    16.7360
     6699.14    16.8851
     6700.13    16.7569
     6701.13    16.9100
     6702.13    16.8758
     6703.12    16.9910
     6704.12    17.0915
     6705.12    17.3362
     6706.11    17.6825
     6707.11    18.0922
     6708.10    18.4307
     6709.10    18.8351
     6710.10    19.4982
     6711.09    20.2092
     6712.09    20.9796
     6713.09    21.9391
     6714.08    23.0493
     6715.08    23.9481
     6716.08    24.3223
     6717.07    23.8033
     6718.07    22.8428
     6719.07    21.8411
     6720.06    21.0534
     6721.06    20.6476
     6722.06    20.4349
     6723.05    20.4012
     6724.05    20.6190
     6725.04    21.1041
     6726.04    21.6132
     6727.04    22.2007
     6728.03    22.9823
     6729.03    23.5921
     6730.03    23.8441
     6731.02    23.5862
     6732.02    22.4923
     6733.02    21.5635
     6734.01    20.7034
     6735.01    19.7906
     6736.01    19.0468
     6737.00    18.4244
     6738.00    18.1654
     6739.00    17.8696
     6739.99    17.5808
     6740.99    17.3326
     6741.98    17.1030
     6742.98    16.8579
     6743.98    16.6688
     6744.97    16.6714
     6745.97    16.6193
     6746.97    16.5985
     6747.96    16.4201
     6748.96    16.5018
     6749.96    16.4102
     6750.95    16.4034
     6751.95    16.4169
     6752.95    16.3334
     6753.94    16.3464
     6754.94    16.4394
     6755.93    16.4095
     6756.93    16.4356
     6757.93    16.4795
     6758.92    16.6374
     6759.92    16.5498
     6760.92    16.5395
     6761.91    16.5832
     6762.91    16.5769
     6763.91    16.3966
     6764.90    16.4318
     6765.90    16.4752
     6766.90    16.4711
     6767.89    16.5130
     6768.89    16.5874
     6769.89    16.5884
     6770.88    16.4936
     6771.88    16.4669
     6772.87    16.4349
     6773.87    16.4611
     6774.87    16.5793
     6775.86    16.5258
     6776.86    16.4743
     6777.86    16.5851
     6778.85    16.5036
     6779.85    16.4979
     6780.85    16.5520
     6781.84    16.5372
     6782.84    16.5078
     6783.84    16.4486
     6784.83    16.3484
     6785.83    16.3701
     6786.82    16.3382
     6787.82    16.2934
     6788.82    16.2714
     6789.81    16.4585
     6790.81    16.4853
     6791.81    16.4231
     6792.80    16.3492
     6793.80    16.3660
     6794.80    16.3761
     6795.79    16.4533
     6796.79    16.4534
     6797.79    16.4314
     6798.78    16.4895
     6799.78    16.4944
     6800.77    16.5342
     6801.77    16.5342
     6802.77    16.6192
     6803.76    16.5725
     6804.76    16.5429
     6805.76    16.6168
     6806.75    16.5874
     6807.75    16.6033
     6808.75    16.5359
     6809.74    16.5884
     6810.74    16.6477
     6811.74    16.5959
     6812.73    16.6407
     6813.73    16.4735
     6814.73    16.6917
     6815.72    16.6662
     6816.72    16.6658
     6817.71    16.7581
     6818.71    16.7273
     6819.71    16.8763
     6820.70    16.7769
     6821.70    16.8002
     6822.70    16.8052
     6823.69    16.7808
     6824.69    16.8099
     6825.69    16.7347
     6826.68    16.5982
     6827.68    16.4492
     6828.68    16.5265
     6829.67    16.6521
     6830.67    16.6387
     6831.67    16.7566
     6832.66    16.7331
     6833.66    16.5822
     6834.65    16.5496
     6835.65    16.3648
     6836.65    16.5199
     6837.64    16.5323
     6838.64    16.4899
     6839.64    16.3704
     6840.63    16.1990
     6841.63    16.1964
     6842.63    16.4059
     6843.62    16.5449
     6844.62    16.3754
     6845.62    16.3252
     6846.61    16.2180
     6847.61    16.5218
     6848.60    16.4406
     6849.60    16.2969
     6850.60    16.2603
     6851.59    16.4037
     6852.59    16.4593
     6853.59    16.3891
     6854.58    16.6385
     6855.58    16.3595
     6856.58    16.3386
     6857.57    16.1767
     6858.57    16.3333
     6859.57    16.6330
     6860.56    16.5784
