     6178.45    10.7997
     6179.44    10.8539
     6180.44    10.8981
     6181.44    11.0930
     6182.43    10.9861
     6183.43    10.9887
     6184.43    10.8599
     6185.42    10.8385
     6186.42    10.7167
     6187.42    10.6370
     6188.41    10.7003
     6189.41    10.6704
     6190.40   10.53373
     6191.40   10.50013
     6192.40   10.50855
     6193.39   10.34668
     6194.39   10.46936
     6195.39    10.6980
     6196.38    10.6943
     6197.38    10.7851
     6198.38    10.7161
     6199.37    10.7876
     6200.37    10.9192
     6201.37    10.8522
     6202.36    10.8483
     6203.36    10.9563
     6204.36    10.9704
     6205.35    11.0072
     6206.35    11.0365
     6207.35    11.0099
     6208.34    10.9586
     6209.34    10.9022
     6210.33    10.7733
     6211.33    10.6187
     6212.33   10.44833
     6213.32   10.40195
     6214.32   10.25800
     6215.32   10.38110
     6216.31   10.29587
     6217.31   10.11151
     6218.31   10.24400
     6219.30   10.16152
     6220.30   10.15396
     6221.30   10.11109
     6222.29   10.42004
     6223.29   10.32661
     6224.29   10.33660
     6225.28   10.21084
     6226.28   10.43051
     6227.28   10.30549
     6228.27   10.13842
     6229.27   10.25670
     6230.27   10.21300
     6231.26   10.06781
     6232.26   10.17926
     6233.25   10.29109
     6234.25   10.34855
     6235.25   10.39609
     6236.24   10.37033
     6237.24   10.32753
     6238.24   10.23587
     6239.23   10.31887
     6240.23   10.28798
     6241.23   10.17326
     6242.22    9.99856
     6243.22   10.05991
     6244.22    9.98149
     6245.21   10.03601
     6246.21   10.02273
     6247.21   10.22741
     6248.20   10.31985
     6249.20   10.39180
     6250.20   10.18089
     6251.19   10.16972
     6252.19   10.17806
     6253.19   10.18654
     6254.18   10.15483
     6255.18    9.96769
     6256.18    9.94694
     6257.17    9.88249
     6258.17    9.90982
     6259.16    9.81396
     6260.16    9.90199
     6261.16   10.05642
     6262.15   10.14440
     6263.15   10.35876
     6264.15   10.51950
     6265.14   10.55203
     6266.14    10.5807
     6267.14   10.57291
     6268.13    10.8141
     6269.13    10.6578
     6270.13    10.8201
     6271.12    10.9054
     6272.12    10.7569
     6273.12    10.7737
     6274.11    10.8785
     6275.11    10.8864
     6276.11    10.9769
     6277.10    10.8110
     6278.10    10.9816
     6279.10    10.9718
     6280.09    11.0857
     6281.09    10.8494
     6282.08    10.8789
     6283.08    10.7205
     6284.08    10.8380
     6285.07    11.0801
     6286.07    11.0488
     6287.07    10.9646
     6288.06    11.1881
     6289.06    11.2043
     6290.06    11.2978
     6291.05    11.3027
     6292.05    11.3109
     6293.05    11.4164
     6294.04    11.4798
     6295.04    11.4128
     6296.04    11.5403
     6297.03    11.7632
     6298.03    11.8767
     6299.03    12.0199
     6300.02    12.1421
     6301.02    12.2516
     6302.02    12.3338
     6303.01    12.2151
     6304.01    11.9271
     6305.00    11.7805
     6306.00    11.6397
     6307.00    11.6014
     6307.99    11.5356
     6308.99    11.4463
     6309.99    11.4728
     6310.98    11.4755
     6311.98    11.2546
     6312.98    11.2806
     6313.97    11.0300
     6314.97    10.9620
     6315.97    10.9900
     6316.96    10.8472
     6317.96    10.6312
     6318.96    10.8285
     6319.95    10.6541
     6320.95    10.7012
     6321.95    10.8963
     6322.94    10.8661
     6323.94    10.8358
     6324.94    10.9378
     6325.93    11.0460
     6326.93    11.2116
     6327.92    11.2289
     6328.92    11.2146
     6329.92    11.2762
     6330.91    11.2505
     6331.91    11.1689
     6332.91    11.2467
     6333.90    11.0913
     6334.90    10.8496
     6335.90    10.9755
     6336.89    10.9731
     6337.89    10.8764
     6338.89    10.8770
     6339.88    10.8184
     6340.88    10.7450
     6341.88    10.7713
     6342.87    10.8287
     6343.87    10.7511
     6344.87    10.6805
     6345.86    10.9076
     6346.86    10.8393
     6347.86    10.8925
     6348.85    10.9254
     6349.85    11.0985
     6350.84    11.1416
     6351.84    11.0546
     6352.84    11.0954
     6353.83    11.1066
     6354.83    10.9603
     6355.83    10.8170
     6356.82    10.8082
     6357.82    10.7456
     6358.82   10.54287
     6359.81    10.5803
     6360.81    10.6899
     6361.81    10.6304
     6362.80    10.6390
     6363.80    10.8778
     6364.80    10.8284
     6365.79    11.0431
     6366.79    11.2340
     6367.79    11.3188
     6368.78    11.4204
     6369.78    11.3495
     6370.78    11.3921
     6371.77    11.6042
     6372.77    11.6876
     6373.76    11.6075
     6374.76    11.5923
     6375.76    11.4539
     6376.75    11.5002
     6377.75    11.5143
     6378.75    11.4586
     6379.74    11.4161
     6380.74    11.5297
     6381.74    11.4798
     6382.73    11.5680
     6383.73    11.4072
     6384.73    11.4568
     6385.72    11.5541
     6386.72    11.5785
     6387.72    11.6083
     6388.71    11.5815
     6389.71    11.6528
     6390.71    11.6564
     6391.70    11.6464
     6392.70    11.5643
     6393.70    11.5123
     6394.69    11.4084
     6395.69    11.4383
     6396.69    11.4750
     6397.68    11.5317
     6398.68    11.5039
     6399.67    11.5826
     6400.67    11.8177
     6401.67    11.6415
     6402.66    11.7116
     6403.66    11.7548
     6404.66    11.9033
     6405.65    11.7500
     6406.65    11.8561
     6407.65    11.8885
     6408.64    11.8526
     6409.64    11.8901
     6410.64    11.7960
     6411.63    11.8258
     6412.63    11.9137
     6413.63    11.8412
     6414.62    11.8253
     6415.62    11.8221
     6416.62    11.8392
     6417.61    11.9523
     6418.61    11.8204
     6419.60    11.8631
     6420.60    11.8273
     6421.60    11.8256
     6422.59    11.9513
     6423.59    12.0201
     6424.59    12.0420
     6425.58    12.0636
     6426.58    12.1243
     6427.58    12.1288
     6428.57    12.1912
     6429.57    12.0909
     6430.57    12.1145
     6431.56    12.1825
     6432.56    11.9585
     6433.56    12.0790
     6434.55    12.1602
     6435.55    12.1692
     6436.55    12.2715
     6437.54    12.4233
     6438.54    12.3163
     6439.54    12.2846
     6440.53    12.2490
     6441.53    12.3288
     6442.52    12.3691
     6443.52    12.5472
     6444.52    12.4526
     6445.51    12.4391
     6446.51    12.3203
     6447.51    12.2321
     6448.50    12.1512
     6449.50    12.0250
     6450.50    12.0452
     6451.49    11.9777
     6452.49    11.9273
     6453.49    11.9760
     6454.48    12.1949
     6455.48    12.2892
     6456.48    12.3386
     6457.47    12.3543
     6458.47    12.3923
     6459.47    12.4796
     6460.46    12.5238
     6461.46    12.3227
     6462.46    12.4357
     6463.45    12.4081
     6464.45    12.4653
     6465.44    12.5841
     6466.44    12.4070
     6467.44    12.6113
     6468.43    12.9153
     6469.43    13.0111
     6470.43    12.9923
     6471.42    12.9617
     6472.42    12.8542
     6473.42    12.9568
     6474.41    12.8646
     6475.41    12.7673
     6476.41    12.7295
     6477.40    12.7699
     6478.40    12.6997
     6479.40    12.6461
     6480.39    12.5495
     6481.39    12.5968
     6482.39    12.6103
     6483.38    12.5462
     6484.38    12.4874
     6485.38    12.4860
     6486.37    12.5008
     6487.37    12.4281
     6488.37    12.3638
     6489.36    12.4119
     6490.36    12.4340
     6491.35    12.1164
     6492.35    12.1859
     6493.35    11.9555
     6494.34    11.9982
     6495.34    11.8489
     6496.34    11.7393
     6497.33    11.7584
     6498.33    11.7732
     6499.33    11.8707
     6500.32    12.0588
     6501.32    12.1579
     6502.32    12.2975
     6503.31    12.4099
     6504.31    12.5582
     6505.31    12.5928
     6506.30    12.5853
     6507.30    12.7422
     6508.30    12.6887
     6509.29    12.7411
     6510.29    12.6921
     6511.29    12.7750
     6512.28    12.8236
     6513.28    12.7728
     6514.27    12.8727
     6515.27    12.8855
     6516.27    12.8217
     6517.26    12.8818
     6518.26    12.9546
     6519.26    12.8214
     6520.25    12.6667
     6521.25    12.8057
     6522.25    12.8472
     6523.24    12.9503
     6524.24    12.9435
     6525.24    12.9104
     6526.23    12.8677
     6527.23    12.8747
     6528.23    12.8478
     6529.22    12.8492
     6530.22    12.8188
     6531.22    12.8301
     6532.21    12.9120
     6533.21    12.8776
     6534.21    12.9061
     6535.20    12.9890
     6536.20    13.0953
     6537.19    13.0860
     6538.19    13.2094
     6539.19    13.2940
     6540.18    13.3734
     6541.18    13.3724
     6542.18    13.4039
     6543.17    13.6172
     6544.17    13.7302
     6545.17    14.1494
     6546.16    14.3712
     6547.16    14.4082
     6548.16    14.5963
     6549.15    14.6500
     6550.15    14.5668
     6551.15    14.3236
     6552.14    14.1323
     6553.14    13.8665
     6554.14    13.5245
     6555.13    13.5202
     6556.13    13.5368
     6557.12    13.5400
     6558.12    13.7042
     6559.12    14.2614
     6560.11    14.6069
     6561.11    15.0414
     6562.11    15.2624
     6563.10    15.2942
     6564.10    15.3350
     6565.10    15.0184
     6566.09    14.7847
     6567.09    14.4851
     6568.09    14.1622
     6569.08    13.8455
     6570.08    13.5805
     6571.08    13.5562
     6572.07    13.5029
     6573.07    13.3782
     6574.07    13.5613
     6575.06    13.6340
     6576.06    13.6660
     6577.06    13.9386
     6578.05    14.1080
     6579.05    14.6329
     6580.05    15.5707
     6581.04    16.4934
     6582.04    17.1211
     6583.03    17.5684
     6584.03    17.7258
     6585.03    17.6204
     6586.02    17.0652
     6587.02    16.3521
     6588.02    15.2880
     6589.01    14.2184
     6590.01    13.5956
     6591.01    13.2937
     6592.00    13.0322
     6593.00    12.8259
     6594.00    12.7002
     6594.99    12.6104
     6595.99    12.5942
     6596.99    12.4480
     6597.98    12.4286
     6598.98    12.4498
     6599.98    12.5440
     6600.97    12.5994
     6601.97    12.5737
     6602.97    12.4351
     6603.96    12.5131
     6604.96    12.4275
     6605.96    12.3371
     6606.95    12.3842
     6607.95    12.2745
     6608.94    12.2603
     6609.94    12.2725
     6610.94    12.1636
     6611.93    12.3300
     6612.93    12.3797
     6613.93    12.3456
     6614.92    12.4555
     6615.92    12.5464
     6616.92    12.5255
     6617.91    12.5867
     6618.91    12.3858
     6619.91    12.5551
     6620.90    12.3303
     6621.90    12.3567
     6622.90    12.3038
     6623.89    12.2703
     6624.89    12.2920
     6625.89    12.2281
     6626.88    12.1244
     6627.88    12.1877
     6628.88    12.1173
     6629.87    12.1210
     6630.87    12.0623
     6631.86    11.9611
     6632.86    11.9280
     6633.86    11.8248
     6634.85    11.8287
     6635.85    11.9177
     6636.85    11.9096
     6637.84    11.8982
     6638.84    11.8238
     6639.84    11.8778
     6640.83    11.9681
     6641.83    11.9384
     6642.83    11.8165
     6643.82    11.9743
     6644.82    11.9039
     6645.82    11.8805
     6646.81    11.8156
     6647.81    11.8161
     6648.81    11.8824
     6649.80    11.7202
     6650.80    11.7573
     6651.79    11.7556
     6652.79    11.6762
     6653.79    11.7257
     6654.78    11.6322
     6655.78    11.6369
     6656.78    11.5309
     6657.77    11.4056
     6658.77    11.4064
     6659.77    11.4144
     6660.76    11.4234
     6661.76    11.3384
     6662.76    11.3086
     6663.75    11.3435
     6664.75    11.2485
     6665.75    11.2555
     6666.74    11.2526
     6667.74    11.4798
     6668.74    11.4735
     6669.73    11.4899
     6670.73    11.5751
     6671.73    11.5812
     6672.72    11.5648
     6673.72    11.5781
     6674.71    11.5365
     6675.71    11.4251
     6676.71    11.4674
     6677.70    11.3875
     6678.70    11.3033
     6679.70    11.1665
     6680.69    11.2060
     6681.69    11.3067
     6682.69    11.3798
     6683.68    11.3188
     6684.68    11.2766
     6685.68    11.3831
     6686.67    11.3281
     6687.67    11.2500
     6688.67    11.2911
     6689.66    11.4137
     6690.66    11.4152
     6691.66    11.3145
     6692.65    11.2264
     6693.65    11.2366
     6694.65    11.0586
     6695.64    11.0948
     6696.64    10.9764
     6697.64    11.0529
     6698.63    10.9582
     6699.63    11.0128
     6700.62    11.0074
     6701.62    11.0089
     6702.62    11.0209
     6703.61    11.1686
     6704.61    11.1870
     6705.61    11.1106
     6706.60    11.2160
     6707.60    11.2759
     6708.60    11.2101
     6709.59    11.1154
     6710.59    11.0490
     6711.59    11.2196
     6712.58    11.5695
     6713.58    11.7457
     6714.58    12.0329
     6715.57    12.2101
     6716.57    12.2684
     6717.57    12.3088
     6718.56    12.1967
     6719.56    12.0472
     6720.56    11.7184
     6721.55    11.5227
     6722.55    11.2086
     6723.54    11.1152
     6724.54    11.0298
     6725.54    11.2258
     6726.53    11.3984
     6727.53    11.7410
     6728.53    12.0607
     6729.52    12.1409
     6730.52    12.3670
     6731.52    12.4925
     6732.51    12.5361
     6733.51    12.3920
     6734.51    12.1389
     6735.50    11.8447
     6736.50    11.4321
     6737.50    11.1881
     6738.49    11.0622
     6739.49    10.9579
     6740.49    10.8715
     6741.48    10.7766
     6742.48    10.8118
     6743.48    10.8158
     6744.47    10.8616
     6745.47    10.7237
     6746.46    10.7760
     6747.46    10.7894
     6748.46    10.8296
     6749.45    10.8178
     6750.45    10.8369
     6751.45    10.8717
     6752.44    10.8563
     6753.44    10.9307
     6754.44    10.9490
     6755.43    10.9012
     6756.43    10.9254
     6757.43    11.0141
     6758.42    11.0235
     6759.42    11.0893
     6760.42    11.1137
     6761.41    11.1279
     6762.41    11.0712
     6763.41    11.1431
     6764.40    11.0403
     6765.40    11.0437
     6766.40    11.0705
     6767.39    10.9299
     6768.39    10.9644
     6769.38    10.8751
     6770.38    11.0320
     6771.38    10.9637
     6772.37    11.0612
     6773.37    11.1162
     6774.37    11.1613
     6775.36    11.2147
     6776.36    11.2196
     6777.36    11.1445
     6778.35    11.2543
     6779.35    11.2156
     6780.35    11.2514
     6781.34    11.1969
     6782.34    11.0534
     6783.34    10.9941
     6784.33    10.8162
     6785.33    10.7568
     6786.33    10.7854
     6787.32    10.8615
     6788.32    10.7420
     6789.32    10.8732
     6790.31    10.8837
     6791.31    10.9070
     6792.30    10.8663
     6793.30    10.8700
     6794.30    10.8930
     6795.29    10.7563
     6796.29    10.8344
     6797.29    10.8244
     6798.28    10.7752
     6799.28    10.7938
     6800.28    10.8915
     6801.27    11.0197
     6802.27    11.0443
     6803.27    10.8320
     6804.26    10.9748
     6805.26    11.0801
     6806.26    11.0883
     6807.25    10.9037
     6808.25    11.0182
     6809.25    11.0382
     6810.24    10.9374
     6811.24    11.1052
     6812.24    10.9097
     6813.23    10.9396
     6814.23    10.9509
     6815.22    10.8198
     6816.22    10.8482
     6817.22    10.9061
     6818.21    10.9500
     6819.21    11.0589
     6820.21    11.0009
     6821.20    11.0060
     6822.20    11.0571
     6823.20    11.1694
     6824.19    11.0983
     6825.19    11.0594
     6826.19    11.0894
