     6098.75    2.63462
     6099.73    2.72340
     6100.71    2.76344
     6101.70    2.77616
     6102.68    2.78601
     6103.66    2.77253
     6104.65    2.84607
     6105.63    2.82615
     6106.61    2.78646
     6107.60    2.81961
     6108.58    2.83715
     6109.57    2.82664
     6110.55    2.81267
     6111.53    2.84652
     6112.52    2.83027
     6113.50    2.84779
     6114.48    2.84499
     6115.47    2.81894
     6116.45    2.79623
     6117.44    2.84735
     6118.42    2.81419
     6119.40    2.78773
     6120.39    2.83253
     6121.37    2.76827
     6122.35    2.77361
     6123.34    2.79752
     6124.32    2.83935
     6125.30    2.77150
     6126.29    2.77098
     6127.27    2.79523
     6128.26    2.82629
     6129.24    2.81074
     6130.22    2.83365
     6131.21    2.77584
     6132.19    2.77138
     6133.17    2.83592
     6134.16    2.82162
     6135.14    2.77330
     6136.12    2.80054
     6137.11    2.84830
     6138.09    2.81224
     6139.08    2.83655
     6140.06    2.82702
     6141.04    2.78061
     6142.03    2.79055
     6143.01    2.83838
     6143.99    2.81466
     6144.98    2.82833
     6145.96    2.79807
     6146.95    2.85553
     6147.93    2.79721
     6148.91    2.79025
     6149.90    2.77810
     6150.88    2.76270
     6151.86    2.77647
     6152.85    2.74895
     6153.83    2.72992
     6154.81    2.72456
     6155.80    2.68167
     6156.78    2.67721
     6157.77    2.64644
     6158.75    2.60903
     6159.73    2.59169
     6160.72    2.60229
     6161.70    2.59184
     6162.68    2.58218
     6163.67    2.61690
     6164.65    2.56239
     6165.63    2.53276
     6166.62    2.57592
     6167.60    2.55218
     6168.59    2.58927
     6169.57    2.57817
     6170.55    2.54305
     6171.54    2.63890
     6172.52    2.65776
     6173.50    2.70196
     6174.49    2.74158
     6175.47    2.68323
     6176.46    2.68316
     6177.44    2.67372
     6178.42    2.70340
     6179.41    2.68418
     6180.39    2.68179
     6181.37    2.59468
     6182.36    2.63055
     6183.34    2.70391
     6184.32    2.65550
     6185.31    2.66925
     6186.29    2.72956
     6187.28    2.67443
     6188.26    2.66364
     6189.24    2.70919
     6190.23    2.71639
     6191.21    2.65984
     6192.19    2.70337
     6193.18    2.65922
     6194.16    2.68066
     6195.15    2.70645
     6196.13    2.69587
     6197.11    2.68858
     6198.10    2.66785
     6199.08    2.70455
     6200.06    2.70746
     6201.05    2.69585
     6202.03    2.69559
     6203.01    2.71532
     6204.00    2.67708
     6204.98    2.68243
     6205.97    2.73028
     6206.95    2.70425
     6207.93    2.72297
     6208.92    2.70134
     6209.90    2.64622
     6210.88    2.62442
     6211.87    2.67475
     6212.85    2.67238
     6213.83    2.65559
     6214.82    2.64520
     6215.80    2.61254
     6216.79    2.62337
     6217.77    2.62456
     6218.75    2.57946
     6219.74    2.56387
     6220.72    2.56067
     6221.70    2.58186
     6222.69    2.57261
     6223.67    2.62086
     6224.66    2.61398
     6225.64    2.60506
     6226.62    2.60196
     6227.61    2.61400
     6228.59    2.60229
     6229.57    2.59034
     6230.56    2.58450
     6231.54    2.55591
     6232.52    2.52587
     6233.51    2.57440
     6234.49    2.55596
     6235.48    2.60540
     6236.46    2.58646
     6237.44    2.56846
     6238.43    2.56802
     6239.41    2.55146
     6240.39    2.54150
     6241.38    2.56257
     6242.36    2.58894
     6243.34    2.56915
     6244.33    2.56295
     6245.31    2.55975
     6246.30    2.55587
     6247.28    2.55231
     6248.26    2.55457
     6249.25    2.53271
     6250.23    2.55462
     6251.21    2.58749
     6252.20    2.60705
     6253.18    2.58899
     6254.17    2.56537
     6255.15    2.53900
     6256.13    2.55154
     6257.12    2.55222
     6258.10    2.56947
     6259.08    2.55188
     6260.07    2.55874
     6261.05    2.61754
     6262.03    2.60707
     6263.02    2.63176
     6264.00    2.66468
     6264.99    2.63979
     6265.97    2.66107
     6266.95    2.66761
     6267.94    2.65301
     6268.92    2.65609
     6269.90    2.70819
     6270.89    2.69983
     6271.87    2.69166
     6272.85    2.71662
     6273.84    2.71762
     6274.82    2.72469
     6275.81    2.73328
     6276.79    2.72646
     6277.77    2.72994
     6278.76    2.73779
     6279.74    2.71066
     6280.72    2.75468
     6281.71    2.79810
     6282.69    2.78311
     6283.68    2.76331
     6284.66    2.79965
     6285.64    2.80466
     6286.63    2.82796
     6287.61    2.86049
     6288.59    2.79287
     6289.58    2.81253
     6290.56    2.84444
     6291.54    2.85893
     6292.53    2.84751
     6293.51    2.84996
     6294.50    2.91595
     6295.48    2.91387
     6296.46    2.91210
     6297.45    2.94560
     6298.43    2.98521
     6299.41    2.97524
     6300.40    2.95689
     6301.38    2.95010
     6302.36    2.92535
     6303.35    2.87726
     6304.33    2.82052
     6305.32    2.88442
     6306.30    2.84544
     6307.28    2.79930
     6308.27    2.80942
     6309.25    2.82747
     6310.23    2.79074
     6311.22    2.79876
     6312.20    2.76300
     6313.19    2.77488
     6314.17    2.77569
     6315.15    2.76767
     6316.14    2.76726
     6317.12    2.75610
     6318.10    2.75248
     6319.09    2.73246
     6320.07    2.75556
     6321.05    2.79317
     6322.04    2.74598
     6323.02    2.81468
     6324.01    2.81267
     6324.99    2.76590
     6325.97    2.80362
     6326.96    2.80372
     6327.94    2.79929
     6328.92    2.76034
     6329.91    2.86206
     6330.89    2.85343
     6331.88    2.82967
     6332.86    2.79012
     6333.84    2.78709
     6334.83    2.76440
     6335.81    2.80789
     6336.79    2.80062
     6337.78    2.81619
     6338.76    2.79230
     6339.74    2.77552
     6340.73    2.78189
     6341.71    2.81254
     6342.70    2.83346
     6343.68    2.79651
     6344.66    2.80654
     6345.65    2.81389
     6346.63    2.78125
     6347.61    2.76957
     6348.60    2.77008
     6349.58    2.78368
     6350.56    2.87538
     6351.55    2.85933
     6352.53    2.81845
     6353.52    2.80581
     6354.50    2.78821
     6355.48    2.77480
     6356.47    2.79015
     6357.45    2.80230
     6358.43    2.80622
     6359.42    2.79763
     6360.40    2.83381
     6361.38    2.79396
     6362.37    2.75471
     6363.35    2.77481
     6364.34    2.86192
     6365.32    2.82475
     6366.30    2.82516
     6367.29    2.84714
     6368.27    2.87596
     6369.25    2.87883
     6370.24    2.87287
     6371.22    2.85513
     6372.21    2.89462
     6373.19    2.95086
     6374.17    2.82487
     6375.16    2.89561
     6376.14    2.91425
     6377.12    2.94358
     6378.11    2.94568
     6379.09    2.93399
     6380.07    2.94851
     6381.06    2.92504
     6382.04    3.00518
     6383.03    3.03469
     6384.01    2.93722
     6384.99    2.89234
     6385.98    2.92840
     6386.96    2.90578
     6387.94    2.83974
     6388.93    2.85212
     6389.91    2.87251
     6390.90    2.89048
     6391.88    2.87089
     6392.86    2.84567
     6393.85    2.88570
     6394.83    2.84292
     6395.81    2.85064
     6396.80    2.89942
     6397.78    2.82568
     6398.76    2.85362
     6399.75    2.85088
     6400.73    2.86709
     6401.72    2.87262
     6402.70    2.85272
     6403.68    2.86062
     6404.67    2.88072
     6405.65    2.81599
     6406.63    2.84408
     6407.62    2.85569
     6408.60    2.85603
     6409.58    2.77698
     6410.57    2.75226
     6411.55    2.78630
     6412.54    2.76195
     6413.52    2.80757
     6414.50    2.83967
     6415.49    2.84132
     6416.47    2.82710
     6417.45    2.80182
     6418.44    2.84017
     6419.42    2.86356
     6420.41    2.84979
     6421.39    2.82696
     6422.37    2.84616
     6423.36    2.89420
     6424.34    2.87429
     6425.32    2.85333
     6426.31    2.84143
     6427.29    2.84027
     6428.27    2.83151
     6429.26    2.89195
     6430.24    2.85243
     6431.23    2.90071
     6432.21    2.92954
     6433.19    2.88152
     6434.18    2.93182
     6435.16    2.91460
     6436.14    2.84309
     6437.13    2.90092
     6438.11    2.88477
     6439.09    2.90706
     6440.08    2.88501
     6441.06    2.84777
     6442.05    2.84643
     6443.03    2.88031
     6444.01    2.86729
     6445.00    2.86492
     6445.98    2.87062
     6446.96    2.85423
     6447.95    2.89406
     6448.93    2.86147
     6449.92    2.87273
     6450.90    2.82712
     6451.88    2.87386
     6452.87    2.91910
     6453.85    2.85836
     6454.83    2.86433
     6455.82    2.86659
     6456.80    2.85620
     6457.78    2.87641
     6458.77    2.86273
     6459.75    2.90296
     6460.74    2.89425
     6461.72    2.95766
     6462.70    2.91689
     6463.69    2.91564
     6464.67    2.88204
     6465.65    2.90372
     6466.64    2.91411
     6467.62    2.91681
     6468.60    2.92008
     6469.59    2.93306
     6470.57    2.93478
     6471.56    2.89004
     6472.54    2.98333
     6473.52    2.91793
     6474.51    2.91330
     6475.49    2.90272
     6476.47    2.88028
     6477.46    2.89728
     6478.44    2.90189
     6479.43    2.87266
     6480.41    2.85664
     6481.39    2.89749
     6482.38    2.88889
     6483.36    2.88482
     6484.34    2.84592
     6485.33    2.81610
     6486.31    2.82550
     6487.29    2.81390
     6488.28    2.80744
     6489.26    2.78104
     6490.25    2.73723
     6491.23    2.73950
     6492.21    2.73373
     6493.20    2.74464
     6494.18    2.75878
     6495.16    2.72687
     6496.15    2.72773
     6497.13    2.70791
     6498.11    2.76125
     6499.10    2.74448
     6500.08    2.73622
     6501.07    2.73597
     6502.05    2.78109
     6503.03    2.79247
     6504.02    2.78947
     6505.00    2.80707
     6505.98    2.79081
     6506.97    2.83927
     6507.95    2.80303
     6508.94    2.86739
     6509.92    2.82633
     6510.90    2.87501
     6511.89    2.85417
     6512.87    2.89965
     6513.85    2.88142
     6514.84    2.90750
     6515.82    2.86825
     6516.80    2.87249
     6517.79    2.91253
     6518.77    2.93579
     6519.76    2.88975
     6520.74    3.03303
     6521.72    3.00163
     6522.71    2.90671
     6523.69    2.93883
     6524.67    2.92940
     6525.66    2.93783
     6526.64    2.93354
     6527.62    2.95953
     6528.61    2.93518
     6529.59    2.96476
     6530.58    2.97934
     6531.56    3.02729
     6532.54    3.02705
     6533.53    3.07615
     6534.51    3.06577
     6535.49    3.06087
     6536.48    3.08723
     6537.46    3.11897
     6538.45    3.15424
     6539.43    3.16207
     6540.41    3.26555
     6541.40    3.31017
     6542.38    3.33980
     6543.36    3.42625
     6544.35    3.49756
     6545.33    3.59360
     6546.31    3.68759
     6547.30    3.73353
     6548.28    3.70320
     6549.27    3.58929
     6550.25    3.40957
     6551.23    3.35525
     6552.22    3.26097
     6553.20    3.18566
     6554.18    3.15283
     6555.17    3.20102
     6556.15    3.26162
     6557.14    3.32457
     6558.12    3.39901
     6559.10    3.45660
     6560.09    3.54930
     6561.07    3.65750
     6562.05    3.76340
     6563.04    3.71024
     6564.02    3.58233
     6565.00    3.45472
     6565.99    3.34781
     6566.97    3.28854
     6567.96    3.30123
     6568.94    3.28939
     6569.92    3.25026
     6570.91    3.27245
     6571.89    3.36556
     6572.87    3.40460
     6573.86    3.48154
     6574.84    3.55834
     6575.82    3.67018
     6576.81    3.88102
     6577.79    4.06375
     6578.78    4.30829
     6579.76    4.59203
     6580.74    4.79704
     6581.73    5.02179
     6582.71    5.19479
     6583.69    5.10058
     6584.68    4.71897
     6585.66    4.33457
     6586.65    4.05640
     6587.63    3.79648
     6588.61    3.62766
     6589.60    3.51843
     6590.58    3.34241
     6591.56    3.18336
     6592.55    3.10739
     6593.53    3.08786
     6594.51    3.06714
     6595.50    3.02701
     6596.48    3.01304
     6597.47    2.97578
     6598.45    2.93010
     6599.43    2.93343
     6600.42    2.91543
     6601.40    2.92632
     6602.38    2.94754
     6603.37    2.93392
     6604.35    2.89521
     6605.33    2.90982
     6606.32    2.92990
     6607.30    2.89671
     6608.29    2.89366
     6609.27    2.90695
     6610.25    2.90628
     6611.24    2.89873
     6612.22    2.91833
     6613.20    2.96375
     6614.19    2.94601
     6615.17    2.90953
     6616.16    2.90005
     6617.14    2.89803
     6618.12    2.95322
     6619.11    2.90730
     6620.09    2.88370
     6621.07    2.88471
     6622.06    2.86215
     6623.04    2.88059
     6624.02    2.86545
     6625.01    2.86286
     6625.99    2.86435
     6626.98    2.84420
     6627.96    2.82082
     6628.94    2.88929
     6629.93    2.86622
     6630.91    2.81428
     6631.89    2.80240
     6632.88    2.83640
     6633.86    2.80871
     6634.84    2.80585
     6635.83    2.79339
     6636.81    2.84296
     6637.80    2.85829
     6638.78    2.80923
     6639.76    2.78900
     6640.75    2.86404
     6641.73    2.85784
     6642.71    2.87945
     6643.70    2.85567
     6644.68    2.84412
     6645.67    2.83809
     6646.65    2.78456
     6647.63    2.77079
     6648.62    2.81919
     6649.60    2.80842
     6650.58    2.82447
     6651.57    2.79415
     6652.55    2.77072
     6653.53    2.80497
     6654.52    2.83419
     6655.50    2.79827
     6656.49    2.82641
     6657.47    2.77368
     6658.45    2.80162
     6659.44    2.77478
     6660.42    2.81183
     6661.40    2.81011
     6662.39    2.77487
     6663.37    2.80365
     6664.35    2.80744
     6665.34    2.78737
     6666.32    2.75577
     6667.31    2.77321
     6668.29    2.79109
     6669.27    2.79191
     6670.26    2.77903
     6671.24    2.73603
     6672.22    2.75971
     6673.21    2.76060
     6674.19    2.79635
     6675.18    2.74830
     6676.16    2.73196
     6677.14    2.82946
     6678.13    2.78578
     6679.11    2.76127
     6680.09    2.76519
     6681.08    2.73637
     6682.06    2.76970
     6683.04    2.78115
     6684.03    2.77212
     6685.01    2.77554
     6686.00    2.72328
     6686.98    2.81356
     6687.96    2.78882
     6688.95    2.80373
     6689.93    2.74036
     6690.91    2.78683
     6691.90    2.76874
     6692.88    2.82319
     6693.87    2.76201
     6694.85    2.74862
     6695.83    2.76309
     6696.82    2.76051
     6697.80    2.78194
     6698.78    2.79494
     6699.77    2.79461
     6700.75    2.74412
     6701.73    2.75723
     6702.72    2.79762
     6703.70    2.82276
     6704.69    2.80058
     6705.67    2.82217
     6706.65    2.85757
     6707.64    2.86878
     6708.62    2.87965
     6709.60    2.93669
     6710.59    3.01386
     6711.57    3.04436
     6712.55    3.10413
     6713.54    3.19758
     6714.52    3.26905
     6715.51    3.33487
     6716.49    3.35132
     6717.47    3.27049
     6718.46    3.19268
     6719.44    3.13503
     6720.42    3.03157
     6721.41    2.99980
     6722.39    2.96024
     6723.38    2.98055
     6724.36    3.02439
     6725.34    3.08836
     6726.33    3.09042
     6727.31    3.12079
     6728.29    3.26934
     6729.28    3.31532
     6730.26    3.23515
     6731.24    3.21059
     6732.23    3.14014
     6733.21    3.07527
     6734.20    2.98300
     6735.18    2.92999
     6736.16    2.87653
     6737.15    2.81075
     6738.13    2.78274
