     6209.39    29.0109
     6210.39    28.4306
     6211.38    28.6414
     6212.38    28.4463
     6213.37    28.4355
     6214.37    28.0567
     6215.36    28.0137
     6216.36    27.9508
     6217.35    27.5773
     6218.35    27.4002
     6219.35    27.6842
     6220.34    27.4438
     6221.34    27.0612
     6222.33    27.4598
     6223.33    27.4405
     6224.32    27.6872
     6225.32    27.6539
     6226.31    28.0192
     6227.31    27.3935
     6228.30    27.6346
     6229.30    27.5011
     6230.29    27.4452
     6231.29    27.1283
     6232.28    27.5736
     6233.28    27.4168
     6234.27    27.2629
     6235.27    27.4621
     6236.26    27.3169
     6237.26    27.3323
     6238.25    27.4299
     6239.25    27.5376
     6240.24    27.1096
     6241.24    26.8192
     6242.23    27.0275
     6243.23    27.1086
     6244.22    27.1821
     6245.22    26.8873
     6246.21    26.6739
     6247.21    27.0762
     6248.20    26.8959
     6249.20    26.8085
     6250.19    27.0224
     6251.19    26.8161
     6252.18    26.2958
     6253.18    26.3302
     6254.17    26.1848
     6255.17    26.4646
     6256.16    26.7424
     6257.16    26.5369
     6258.15    26.7897
     6259.15    26.9073
     6260.14    26.9638
     6261.14    27.2348
     6262.13    27.5873
     6263.13    27.8062
     6264.12    27.6476
     6265.12    27.6096
     6266.11    28.0555
     6267.11    27.5440
     6268.10    28.1776
     6269.10    28.5656
     6270.10    28.4742
     6271.09    28.6822
     6272.09    28.6306
     6273.08    28.5694
     6274.08    28.7676
     6275.07    28.7235
     6276.07    29.3358
     6277.06    29.5925
     6278.06    29.3864
     6279.05    29.5178
     6280.05    29.8496
     6281.04    30.2141
     6282.04    30.6374
     6283.03    30.9530
     6284.03    31.3434
     6285.02    32.1216
     6286.02    32.5385
     6287.01    33.2603
     6288.01    34.3922
     6289.00    35.7090
     6290.00    36.7202
     6290.99    37.4845
     6291.99    38.1771
     6292.98    39.0333
     6293.98    40.2132
     6294.97    41.3319
     6295.97    42.2008
     6296.96    43.2225
     6297.96    44.4429
     6298.95    44.9425
     6299.95    44.4478
     6300.94    44.0394
     6301.94    43.4883
     6302.93    42.2229
     6303.93    39.9023
     6304.92    38.1065
     6305.92    36.2849
     6306.91    34.7146
     6307.91    33.4122
     6308.90    33.0633
     6309.90    32.4396
     6310.89    31.6997
     6311.89    31.3522
     6312.88    30.8748
     6313.88    30.4378
     6314.87    29.7409
     6315.87    29.6298
     6316.86    29.7649
     6317.86    29.2493
     6318.85    29.2585
     6319.85    29.3703
     6320.84    29.4357
     6321.84    29.5006
     6322.83    29.3179
     6323.83    29.4429
     6324.83    29.5119
     6325.82    29.8796
     6326.82    29.8166
     6327.81    30.0450
     6328.81    30.1310
     6329.80    30.1344
     6330.80    29.7202
     6331.79    29.9127
     6332.79    29.5064
     6333.78    29.6463
     6334.78    29.6058
     6335.77    29.5366
     6336.77    29.4775
     6337.76    29.2657
     6338.76    29.3908
     6339.75    29.5179
     6340.75    29.2947
     6341.74    28.9753
     6342.74    29.3021
     6343.73    29.3367
     6344.73    29.7532
     6345.72    30.0822
     6346.72    29.8014
     6347.71    30.1234
     6348.71    30.4362
     6349.70    30.7147
     6350.70    30.6294
     6351.69    31.1076
     6352.69    31.3250
     6353.68    31.0366
     6354.68    31.1724
     6355.67    31.5973
     6356.67    31.5065
     6357.66    31.7149
     6358.66    32.0706
     6359.65    32.4251
     6360.65    32.7022
     6361.64    33.2811
     6362.64    33.4246
     6363.63    33.3184
     6364.63    33.1086
     6365.62    33.1210
     6366.62    32.9547
     6367.61    32.2413
     6368.61    32.0197
     6369.60    31.7787
     6370.60    31.5444
     6371.59    31.0398
     6372.59    31.3833
     6373.58    31.3329
     6374.58    30.4489
     6375.58    30.8452
     6376.57    30.6702
     6377.57    30.5812
     6378.56    30.7433
     6379.56    30.4921
     6380.55    30.1363
     6381.55    30.5467
     6382.54    30.6659
     6383.54    30.1837
     6384.53    30.0065
     6385.53    30.2219
     6386.52    30.0765
     6387.52    29.8921
     6388.51    30.2873
     6389.51    30.3360
     6390.50    30.1623
     6391.50    29.7695
     6392.49    29.7001
     6393.49    30.0260
     6394.48    29.7543
     6395.48    29.9687
     6396.47    29.9616
     6397.47    30.1338
     6398.46    29.9467
     6399.46    29.8383
     6400.45    29.8391
     6401.45    29.8011
     6402.44    29.7573
     6403.44    29.9790
     6404.43    30.0943
     6405.43    30.3111
     6406.42    30.2466
     6407.42    30.1328
     6408.41    30.3356
     6409.41    29.9206
     6410.40    29.6058
     6411.40    29.7749
     6412.39    29.8515
     6413.39    29.7687
     6414.38    29.6990
     6415.38    29.7170
     6416.37    29.7950
     6417.37    29.8352
     6418.36    29.9975
     6419.36    29.5578
     6420.35    29.5143
     6421.35    29.9834
     6422.34    30.1365
     6423.34    30.1756
     6424.33    30.5357
     6425.33    30.2499
     6426.33    30.1311
     6427.32    30.1859
     6428.31    30.3938
     6429.31    30.3945
     6430.31    30.3054
     6431.30    30.2144
     6432.30    30.1401
     6433.29    29.9553
     6434.29    30.1513
     6435.28    29.9639
     6436.28    30.0167
     6437.27    30.1192
     6438.27    30.2460
     6439.26    30.4322
     6440.26    30.1252
     6441.25    30.0324
     6442.25    29.5560
     6443.24    29.3133
     6444.24    29.5526
     6445.23    30.1718
     6446.23    29.7798
     6447.22    29.3836
     6448.22    29.5408
     6449.21    29.7091
     6450.21    29.0768
     6451.20    28.7642
     6452.20    29.1794
     6453.19    29.2877
     6454.19    29.6001
     6455.18    29.8322
     6456.18    30.2212
     6457.17    29.7712
     6458.17    30.0658
     6459.16    30.3531
     6460.16    30.1403
     6461.15    30.1293
     6462.15    30.0565
     6463.14    30.1066
     6464.14    30.3697
     6465.13    30.6329
     6466.13    30.7352
     6467.12    30.7879
     6468.12    31.1650
     6469.11    31.2432
     6470.11    30.9474
     6471.10    30.7810
     6472.10    30.8901
     6473.09    31.1821
     6474.09    31.2893
     6475.08    30.8796
     6476.08    30.7402
     6477.07    31.0163
     6478.07    31.0563
     6479.06    30.7090
     6480.06    30.5587
     6481.06    29.9516
     6482.05    29.3006
     6483.05    29.0411
     6484.04    28.8260
     6485.04    28.9517
     6486.03    29.2311
     6487.03    29.6790
     6488.02    29.8150
     6489.02    29.8131
     6490.01    29.5215
     6491.01    28.7528
     6492.00    28.6810
     6493.00    29.0939
     6493.99    29.1601
     6494.99    28.9217
     6495.98    28.7478
     6496.98    29.0186
     6497.97    28.9144
     6498.97    28.5264
     6499.96    28.4730
     6500.96    28.8055
     6501.95    29.0587
     6502.95    29.6119
     6503.94    30.0265
     6504.94    30.2213
     6505.93    30.5808
     6506.93    30.7915
     6507.92    30.9266
     6508.92    30.9427
     6509.91    30.9016
     6510.91    30.4258
     6511.90    30.8277
     6512.90    31.2749
     6513.89    31.3507
     6514.89    31.0842
     6515.88    30.9684
     6516.88    31.3756
     6517.87    31.7574
     6518.87    31.5916
     6519.86    31.3912
     6520.86    31.4713
     6521.85    32.1401
     6522.85    32.3613
     6523.84    32.2109
     6524.84    32.3126
     6525.83    32.7932
     6526.83    33.0856
     6527.82    33.1141
     6528.82    33.2475
     6529.81    33.2154
     6530.81    33.6130
     6531.81    34.1589
     6532.80    34.9945
     6533.80    35.7569
     6534.79    36.6844
     6535.79    37.9059
     6536.78    38.6725
     6537.78    39.3903
     6538.77    40.0189
     6539.77    40.5880
     6540.76    41.2841
     6541.76    42.4053
     6542.75    43.7821
     6543.75    45.6779
     6544.74    47.3458
     6545.74    49.1312
     6546.73    50.5438
     6547.73    51.6425
     6548.72    52.6786
     6549.72    53.3007
     6550.71    53.5427
     6551.71    53.8976
     6552.70    53.4316
     6553.70    52.6167
     6554.69    53.1224
     6555.69    54.0697
     6556.68    55.5697
     6557.68    57.7760
     6558.67    60.3816
     6559.67    63.3730
     6560.66    66.5544
     6561.66    68.4034
     6562.65    68.1003
     6563.65    66.6467
     6564.64    64.0878
     6565.64    61.0189
     6566.63    57.0688
     6567.63    53.4553
     6568.62    50.8890
     6569.62    50.2096
     6570.61    50.4462
     6571.61    51.3537
     6572.60    52.2243
     6573.60    52.6645
     6574.59    52.7116
     6575.59    53.9617
     6576.58    55.2446
     6577.58    57.4108
     6578.57    60.5632
     6579.57    63.5886
     6580.56    67.2735
     6581.56    69.9977
     6582.56    71.4067
     6583.55    70.7398
     6584.54    68.3634
     6585.54    65.3092
     6586.54    61.1252
     6587.53    55.8236
     6588.53    50.4825
     6589.52    46.2833
     6590.52    42.6058
     6591.51    40.4314
     6592.51    38.3279
     6593.50    36.5967
     6594.50    35.3220
     6595.49    34.2426
     6596.49    33.7645
     6597.48    32.9802
     6598.48    32.6319
     6599.47    32.6359
     6600.47    32.2521
     6601.46    32.0045
     6602.46    31.5683
     6603.45    31.3423
     6604.45    31.6174
     6605.44    31.6144
     6606.44    31.3389
     6607.43    31.1776
     6608.43    31.1363
     6609.42    31.2215
     6610.42    31.3486
     6611.41    31.1898
     6612.41    31.1710
     6613.40    31.2243
     6614.40    31.1533
     6615.39    31.4600
     6616.39    31.3391
     6617.38    31.5206
     6618.38    31.3929
     6619.37    31.3375
     6620.37    31.1676
     6621.36    30.8784
     6622.36    30.9325
     6623.35    30.8031
     6624.35    31.0295
     6625.34    30.5009
     6626.34    30.3136
     6627.33    30.5219
     6628.33    30.0899
     6629.32    30.1447
     6630.32    29.9813
     6631.31    30.0514
     6632.31    29.8996
     6633.30    29.7148
     6634.30    29.8017
     6635.29    29.9822
     6636.29    30.2343
     6637.29    29.9529
     6638.28    29.9879
     6639.28    30.0814
     6640.27    30.1158
     6641.27    30.4423
     6642.26    30.2952
     6643.26    30.1396
     6644.25    30.2144
     6645.25    30.2887
     6646.24    30.4324
     6647.24    30.3363
     6648.23    30.2055
     6649.23    30.3291
     6650.22    30.2098
     6651.22    30.0924
     6652.21    30.2294
     6653.21    29.9966
     6654.20    30.0399
     6655.20    29.9387
     6656.19    29.9778
     6657.19    30.0199
     6658.18    29.9133
     6659.18    29.6193
     6660.17    29.6685
     6661.17    29.6943
     6662.16    29.5728
     6663.16    29.3549
     6664.15    29.6801
     6665.15    29.6571
     6666.14    29.8610
     6667.14    29.8071
     6668.13    29.7617
     6669.13    29.8191
     6670.12    29.9543
     6671.12    29.7713
     6672.11    29.8214
     6673.11    30.0230
     6674.10    29.6889
     6675.10    30.0353
     6676.09    29.9405
     6677.09    30.0190
     6678.08    29.9032
     6679.08    30.0117
     6680.07    30.1420
     6681.07    29.9094
     6682.06    29.6414
     6683.06    29.6373
     6684.05    29.7132
     6685.05    30.1838
     6686.04    30.2184
     6687.04    30.1368
     6688.04    30.0244
     6689.03    30.2382
     6690.03    30.1514
     6691.02    29.9488
     6692.02    30.0801
     6693.01    29.9414
     6694.01    29.9782
     6695.00    30.0968
     6696.00    30.3149
     6696.99    30.2701
     6697.99    30.3559
     6698.98    30.8961
     6699.98    31.3207
     6700.97    31.7263
     6701.97    32.8384
     6702.96    33.7603
     6703.96    34.9244
     6704.95    36.1258
     6705.95    37.1587
     6706.94    37.7474
     6707.94    38.6690
     6708.93    40.0739
     6709.93    41.7061
     6710.92    44.0035
     6711.92    46.4116
     6712.91    49.4010
     6713.91    52.9111
     6714.90    55.9358
     6715.90    56.9282
     6716.89    57.1385
     6717.89    57.0103
     6718.88    55.6392
     6719.88    53.2107
     6720.87    50.4729
     6721.87    48.1258
     6722.86    46.5673
     6723.86    46.4268
     6724.85    47.2963
     6725.85    48.4723
     6726.84    49.5750
     6727.84    51.1133
     6728.83    52.9462
     6729.83    53.5633
     6730.82    52.9729
     6731.82    51.2170
     6732.81    49.3649
     6733.81    47.3672
     6734.80    44.0955
     6735.80    40.4182
     6736.79    37.6565
     6737.79    35.6941
     6738.78    34.1720
     6739.78    33.2472
     6740.77    32.4729
     6741.77    31.4325
     6742.77    31.2106
     6743.76    30.6796
     6744.76    30.0707
     6745.75    29.8928
     6746.75    29.6416
     6747.74    29.6085
     6748.74    29.5747
     6749.73    29.3336
     6750.73    29.1956
     6751.72    29.2240
     6752.72    29.1284
     6753.71    29.2807
     6754.71    29.1187
     6755.70    29.2062
     6756.70    29.4973
     6757.69    29.5051
     6758.69    29.5827
     6759.68    29.4601
     6760.68    29.5006
     6761.67    29.3911
     6762.67    29.5318
     6763.66    29.2240
     6764.66    29.3997
     6765.65    29.3625
     6766.65    29.1630
     6767.64    29.3422
     6768.64    29.6052
     6769.63    29.4602
     6770.63    29.6321
     6771.62    29.6264
     6772.62    29.7334
     6773.61    29.5427
     6774.61    29.5793
     6775.60    29.7372
     6776.60    29.8545
     6777.59    29.7292
     6778.59    29.7573
     6779.58    29.5415
     6780.58    29.4147
     6781.57    29.4511
     6782.57    29.2936
     6783.56    29.4649
     6784.56    29.1687
     6785.55    29.0120
     6786.55    28.8905
     6787.54    28.7489
     6788.54    28.8909
     6789.53    28.8621
     6790.53    28.7721
     6791.52    29.0083
     6792.52    29.4199
     6793.52    29.3045
     6794.51    29.0489
     6795.51    29.1219
     6796.50    29.3057
     6797.50    29.2334
     6798.49    29.3173
     6799.49    29.2962
     6800.48    29.3725
     6801.48    29.4460
     6802.47    29.7065
     6803.47    29.9546
     6804.46    29.4053
     6805.46    29.2478
     6806.45    29.3799
     6807.45    29.4469
     6808.44    29.7163
     6809.44    29.4278
     6810.43    29.2422
     6811.43    29.3786
     6812.42    29.2158
     6813.42    29.4669
     6814.41    29.3032
     6815.41    29.5486
     6816.40    29.6503
     6817.40    29.4832
     6818.39    29.6487
     6819.39    29.3607
     6820.38    29.3093
     6821.38    29.4839
     6822.37    29.6472
     6823.37    29.5559
     6824.36    29.7994
     6825.36    29.8103
     6826.35    29.3446
     6827.35    29.6161
     6828.34    29.6847
     6829.34    29.5793
     6830.33    29.3436
     6831.33    29.5761
     6832.32    29.8582
     6833.32    29.2050
     6834.31    28.7247
     6835.31    29.5687
     6836.30    29.8013
     6837.30    29.2194
     6838.29    28.5661
     6839.29    28.7429
     6840.28    28.9738
     6841.28    29.3099
     6842.27    29.1123
     6843.27    28.8339
     6844.27    29.1471
     6845.26    28.8357
     6846.26    29.1140
     6847.25    29.0534
     6848.25    29.4698
     6849.24    29.2245
     6850.24    29.2609
     6851.23    29.3146
