     6162.87    3.49883
     6163.86    3.53434
     6164.85    3.57182
     6165.84    3.56203
     6166.84    3.71894
     6167.83    3.63001
     6168.82    3.67559
     6169.81    3.66869
     6170.81    3.76599
     6171.80    3.75276
     6172.79    3.67887
     6173.78    3.78283
     6174.78    3.81130
     6175.77    3.84226
     6176.76    3.87799
     6177.75    3.83427
     6178.75    3.93228
     6179.74    3.87060
     6180.73    3.89115
     6181.72    3.86434
     6182.72    3.83246
     6183.71    3.85570
     6184.70    3.79878
     6185.69    3.76366
     6186.69    3.77782
     6187.68    3.77118
     6188.67    3.77488
     6189.66    3.73863
     6190.65    3.71770
     6191.65    3.69456
     6192.64    3.66463
     6193.63    3.71927
     6194.62    3.72223
     6195.62    3.76775
     6196.61    3.80701
     6197.60    3.79732
     6198.59    3.81798
     6199.59    3.82396
     6200.58    3.82580
     6201.57    3.78950
     6202.56    3.83261
     6203.56    3.84296
     6204.55    3.89438
     6205.54    3.98963
     6206.53    3.92827
     6207.53    3.84605
     6208.52    3.82289
     6209.51    3.85301
     6210.50    3.79189
     6211.50    3.73869
     6212.49    3.63150
     6213.48    3.67573
     6214.47    3.57740
     6215.46    3.61653
     6216.46    3.56052
     6217.45    3.54442
     6218.44    3.61522
     6219.43    3.58984
     6220.43    3.61997
     6221.42    3.55426
     6222.41    3.65606
     6223.40    3.65165
     6224.40    3.53912
     6225.39    3.61183
     6226.38    3.60902
     6227.37    3.65024
     6228.37    3.56803
     6229.36    3.46526
     6230.35    3.54211
     6231.34    3.61660
     6232.34    3.57777
     6233.33    3.54687
     6234.32    3.65018
     6235.31    3.57551
     6236.31    3.53280
     6237.30    3.54349
     6238.29    3.57014
     6239.28    3.61692
     6240.28    3.61072
     6241.27    3.49369
     6242.26    3.53194
     6243.25    3.52772
     6244.24    3.51100
     6245.24    3.52674
     6246.23    3.62520
     6247.22    3.64429
     6248.21    3.58607
     6249.21    3.56998
     6250.20    3.61436
     6251.19    3.51636
     6252.18    3.56762
     6253.18    3.46139
     6254.17    3.46365
     6255.16    3.41793
     6256.15    3.43225
     6257.15    3.40450
     6258.14    3.49328
     6259.13    3.49473
     6260.12    3.55993
     6261.12    3.53289
     6262.11    3.59799
     6263.10    3.60328
     6264.09    3.67502
     6265.09    3.60361
     6266.08    3.68801
     6267.07    3.70237
     6268.06    3.75581
     6269.06    3.63961
     6270.05    3.68357
     6271.04    3.69539
     6272.03    3.72924
     6273.02    3.76163
     6274.02    3.76595
     6275.01    3.73730
     6276.00    3.71125
     6276.99    3.74340
     6277.99    3.79595
     6278.98    3.77373
     6279.97    3.73404
     6280.96    3.69133
     6281.96    3.75683
     6282.95    3.72862
     6283.94    3.73686
     6284.93    3.80732
     6285.93    3.87123
     6286.92    3.76817
     6287.91    3.80196
     6288.90    3.84892
     6289.90    3.83640
     6290.89    3.68085
     6291.88    3.75485
     6292.87    3.86506
     6293.87    3.75850
     6294.86    3.69595
     6295.85    3.72833
     6296.84    3.67275
     6297.83    3.61567
     6298.83    3.68706
     6299.82    3.67708
     6300.81    3.75258
     6301.80    3.74339
     6302.80    3.73313
     6303.79    3.66668
     6304.78    3.75503
     6305.77    3.68190
     6306.77    3.78073
     6307.76    3.73157
     6308.75    3.72323
     6309.74    3.78075
     6310.74    3.78305
     6311.73    3.74122
     6312.72    3.76279
     6313.71    3.69433
     6314.71    3.62591
     6315.70    3.68500
     6316.69    3.63646
     6317.68    3.66830
     6318.68    3.66801
     6319.67    3.70710
     6320.66    3.69752
     6321.65    3.64118
     6322.65    3.63875
     6323.64    3.78226
     6324.63    3.76150
     6325.62    3.77469
     6326.61    3.85194
     6327.61    3.84942
     6328.60    3.79637
     6329.59    3.79712
     6330.58    3.79164
     6331.58    3.83123
     6332.57    3.79654
     6333.56    3.74934
     6334.55    3.75293
     6335.55    3.76375
     6336.54    3.72834
     6337.53    3.80081
     6338.52    3.73249
     6339.52    3.75084
     6340.51    3.65731
     6341.50    3.75605
     6342.49    3.79908
     6343.49    3.73167
     6344.48    3.71857
     6345.47    3.76383
     6346.46    3.78433
     6347.46    3.72529
     6348.45    3.76703
     6349.44    3.80829
     6350.43    3.78993
     6351.43    3.81028
     6352.42    3.82208
     6353.41    3.82145
     6354.40    3.76568
     6355.39    3.66268
     6356.39    3.66463
     6357.38    3.62910
     6358.37    3.56837
     6359.36    3.59182
     6360.36    3.48879
     6361.35    3.49384
     6362.34    3.54839
     6363.33    3.57303
     6364.33    3.59278
     6365.32    3.63241
     6366.31    3.73486
     6367.30    3.72596
     6368.30    3.75875
     6369.29    3.84878
     6370.28    3.83764
     6371.27    3.86122
     6372.27    3.79710
     6373.26    3.78159
     6374.25    3.81565
     6375.24    3.92215
     6376.24    3.85364
     6377.23    3.87356
     6378.22    3.92176
     6379.21    3.85572
     6380.21    3.79459
     6381.20    3.88385
     6382.19    3.88650
     6383.18    3.88500
     6384.17    3.88493
     6385.17    3.85558
     6386.16    3.89492
     6387.15    3.90536
     6388.14    3.89522
     6389.14    3.82908
     6390.13    3.76012
     6391.12    3.86919
     6392.11    3.82007
     6393.11    3.80592
     6394.10    3.88307
     6395.09    3.78122
     6396.08    3.75012
     6397.08    3.80427
     6398.07    3.88883
     6399.06    3.78970
     6400.05    3.78457
     6401.05    3.81844
     6402.04    3.85998
     6403.03    3.84762
     6404.02    3.85832
     6405.02    3.89970
     6406.01    3.87883
     6407.00    3.90101
     6407.99    3.82765
     6408.98    3.79388
     6409.98    3.87736
     6410.97    3.83681
     6411.96    3.74549
     6412.95    3.78327
     6413.95    3.78456
     6414.94    3.84160
     6415.93    3.81407
     6416.92    3.86007
     6417.92    3.77784
     6418.91    3.71286
     6419.90    3.77372
     6420.89    3.80980
     6421.89    3.80783
     6422.88    3.84572
     6423.87    3.81499
     6424.86    3.84641
     6425.86    3.83658
     6426.85    3.84846
     6427.84    3.81695
     6428.83    3.86478
     6429.83    3.95645
     6430.82    3.84475
     6431.81    3.79927
     6432.80    3.81636
     6433.79    3.86101
     6434.79    3.82936
     6435.78    3.86340
     6436.77    3.84681
     6437.76    3.89834
     6438.76    3.91928
     6439.75    3.90795
     6440.74    3.92682
     6441.73    3.94258
     6442.73    3.89434
     6443.72    3.85081
     6444.71    3.79131
     6445.70    3.83640
     6446.70    3.82921
     6447.69    3.72464
     6448.68    3.77983
     6449.67    3.75313
     6450.67    3.68403
     6451.66    3.73060
     6452.65    3.78361
     6453.64    3.79742
     6454.64    3.69127
     6455.63    3.81072
     6456.62    3.88291
     6457.61    3.87834
     6458.61    3.84691
     6459.60    3.84604
     6460.59    3.87279
     6461.58    3.84731
     6462.58    3.80618
     6463.57    3.74636
     6464.56    3.83469
     6465.55    3.82383
     6466.54    3.81959
     6467.54    3.79676
     6468.53    3.77249
     6469.52    3.89703
     6470.51    3.89872
     6471.51    3.94797
     6472.50    3.88811
     6473.49    3.83682
     6474.48    3.91746
     6475.48    3.88853
     6476.47    3.89228
     6477.46    3.87807
     6478.45    3.88090
     6479.45    3.89532
     6480.44    3.90403
     6481.43    3.85264
     6482.42    3.79875
     6483.42    3.72111
     6484.41    3.77276
     6485.40    3.88648
     6486.39    3.79228
     6487.39    3.74674
     6488.38    3.76740
     6489.37    3.74494
     6490.36    3.72129
     6491.35    3.66426
     6492.35    3.58540
     6493.34    3.52262
     6494.33    3.56707
     6495.32    3.57314
     6496.32    3.61463
     6497.31    3.59279
     6498.30    3.64654
     6499.29    3.62598
     6500.29    3.67496
     6501.28    3.72302
     6502.27    3.64747
     6503.26    3.71686
     6504.26    3.81394
     6505.25    3.76507
     6506.24    3.80487
     6507.23    3.87380
     6508.23    3.82176
     6509.22    3.93033
     6510.21    3.91567
     6511.20    3.84270
     6512.20    3.93874
     6513.19    3.91020
     6514.18    3.81614
     6515.17    3.81001
     6516.17    3.89945
     6517.16    3.81033
     6518.15    3.79495
     6519.14    3.86152
     6520.13    3.82345
     6521.13    3.83488
     6522.12    3.93148
     6523.11    3.92699
     6524.10    3.91254
     6525.10    3.92268
     6526.09    3.93214
     6527.08    3.93039
     6528.07    3.87480
     6529.07    3.92045
     6530.06    3.97342
     6531.05    3.89084
     6532.04    3.91845
     6533.04    3.95237
     6534.03    3.89830
     6535.02    3.96400
     6536.01    3.98442
     6537.01    3.99051
     6538.00    3.97768
     6538.99    3.98281
     6539.98    3.94566
     6540.98    3.92407
     6541.97    3.90965
     6542.96    3.88453
     6543.95    3.90710
     6544.95    3.89541
     6545.94    3.90905
     6546.93    3.99629
     6547.92    3.96248
     6548.91    3.96035
     6549.91    4.00984
     6550.90    3.87734
     6551.89    3.78565
     6552.88    3.81431
     6553.88    3.83680
     6554.87    3.85221
     6555.86    3.71185
     6556.85    3.64679
     6557.85    3.63018
     6558.84    3.60537
     6559.83    3.58613
     6560.82    3.56223
     6561.82    3.68638
     6562.81    3.70744
     6563.80    3.75318
     6564.79    3.79102
     6565.79    3.65745
     6566.78    3.70948
     6567.77    3.70050
     6568.76    3.70693
     6569.76    3.76369
     6570.75    3.77660
     6571.74    3.69519
     6572.73    3.76434
     6573.73    3.80935
     6574.72    3.85786
     6575.71    3.91258
     6576.70    3.84170
     6577.69    3.80940
     6578.69    3.90442
     6579.68    3.96871
     6580.67    4.05958
     6581.66    4.14413
     6582.66    4.27337
     6583.65    4.28678
     6584.64    4.33732
     6585.63    4.28261
     6586.63    4.15209
     6587.62    4.03305
     6588.61    3.98939
     6589.60    3.90745
     6590.60    3.90478
     6591.59    3.85170
     6592.58    3.79035
     6593.57    3.84730
     6594.57    3.76787
     6595.56    3.72699
     6596.55    3.77238
     6597.54    3.76454
     6598.54    3.80157
     6599.53    3.81906
     6600.52    3.77786
     6601.51    3.74527
     6602.50    3.78396
     6603.50    3.77577
     6604.49    3.74810
     6605.48    3.76673
     6606.47    3.79362
     6607.47    3.74780
     6608.46    3.73104
     6609.45    3.75945
     6610.44    3.78738
     6611.44    3.79965
     6612.43    3.75530
     6613.42    3.76851
     6614.41    3.81581
     6615.41    3.76846
     6616.40    3.75395
     6617.39    3.80009
     6618.38    3.78177
     6619.38    3.74899
     6620.37    3.80969
     6621.36    3.79848
     6622.35    3.83795
     6623.35    3.75293
     6624.34    3.71145
     6625.33    3.75626
     6626.32    3.66230
     6627.31    3.69364
     6628.31    3.71164
     6629.30    3.67863
     6630.29    3.64151
     6631.28    3.65385
     6632.28    3.65208
     6633.27    3.62599
     6634.26    3.69056
     6635.25    3.67932
     6636.25    3.58850
     6637.24    3.68444
     6638.23    3.71376
     6639.22    3.66570
     6640.22    3.63471
     6641.21    3.77909
     6642.20    3.76726
     6643.19    3.70380
     6644.19    3.66525
     6645.18    3.73490
     6646.17    3.76269
     6647.16    3.69894
     6648.16    3.68636
     6649.15    3.72559
     6650.14    3.70792
     6651.13    3.70827
     6652.13    3.69714
     6653.12    3.71143
     6654.11    3.71943
     6655.10    3.70211
     6656.10    3.63342
     6657.09    3.68539
     6658.08    3.65802
     6659.07    3.59702
     6660.06    3.61735
     6661.06    3.64541
     6662.05    3.63661
     6663.04    3.60534
     6664.03    3.58685
     6665.03    3.61527
     6666.02    3.60034
     6667.01    3.62981
     6668.00    3.63245
     6669.00    3.66156
     6669.99    3.69470
     6670.98    3.64681
     6671.97    3.64486
     6672.97    3.67599
     6673.96    3.68173
     6674.95    3.61282
     6675.94    3.66264
     6676.94    3.65232
     6677.93    3.61664
     6678.92    3.62301
     6679.91    3.64341
     6680.91    3.65089
     6681.90    3.65253
     6682.89    3.68011
     6683.88    3.68296
     6684.88    3.73053
     6685.87    3.73977
     6686.86    3.63027
     6687.85    3.66637
     6688.84    3.72387
     6689.84    3.70210
     6690.83    3.69037
     6691.82    3.74563
     6692.81    3.68682
     6693.81    3.59785
     6694.80    3.62670
     6695.79    3.62278
     6696.78    3.63282
     6697.78    3.62696
     6698.77    3.64480
     6699.76    3.71520
     6700.75    3.69384
     6701.75    3.72347
     6702.74    3.66730
     6703.73    3.71200
     6704.72    3.67410
     6705.72    3.72305
     6706.71    3.71560
     6707.70    3.64436
     6708.69    3.66968
     6709.69    3.74412
     6710.68    3.70323
     6711.67    3.68747
     6712.66    3.65019
     6713.65    3.62232
     6714.65    3.65280
     6715.64    3.78239
     6716.63    3.84616
     6717.62    3.77763
     6718.62    3.81039
     6719.61    3.73005
     6720.60    3.72145
     6721.59    3.70489
     6722.59    3.75170
     6723.58    3.75949
     6724.57    3.72940
     6725.56    3.71274
     6726.56    3.77413
     6727.55    3.75369
     6728.54    3.79058
     6729.53    3.84711
     6730.53    3.86835
     6731.52    3.85683
     6732.51    3.83476
     6733.50    3.79863
     6734.50    3.73126
     6735.49    3.81117
     6736.48    3.70560
     6737.47    3.70855
     6738.46    3.66930
     6739.46    3.67384
     6740.45    3.57991
     6741.44    3.57849
     6742.43    3.54025
     6743.43    3.65162
     6744.42    3.65462
     6745.41    3.60861
     6746.40    3.59997
     6747.40    3.56717
     6748.39    3.53144
     6749.38    3.55097
     6750.37    3.55507
     6751.37    3.56618
     6752.36    3.58508
     6753.35    3.59616
     6754.34    3.62098
     6755.34    3.63134
     6756.33    3.71172
     6757.32    3.67684
     6758.31    3.65837
     6759.31    3.69372
     6760.30    3.71334
     6761.29    3.63678
     6762.28    3.66251
     6763.28    3.69088
     6764.27    3.67700
     6765.26    3.61716
     6766.25    3.57586
     6767.25    3.58244
     6768.24    3.58091
     6769.23    3.60806
     6770.22    3.66324
     6771.21    3.63805
     6772.21    3.60921
     6773.20    3.63804
     6774.19    3.75867
     6775.18    3.74614
     6776.18    3.68943
     6777.17    3.65985
     6778.16    3.66964
     6779.15    3.71550
     6780.15    3.72566
     6781.14    3.66578
     6782.13    3.62322
     6783.12    3.59298
     6784.12    3.60292
     6785.11    3.61639
     6786.10    3.59674
     6787.09    3.59887
     6788.09    3.66196
     6789.08    3.67933
     6790.07    3.60688
     6791.06    3.57666
     6792.06    3.63321
     6793.05    3.63910
     6794.04    3.64820
     6795.03    3.67316
     6796.02    3.65207
     6797.02    3.59437
     6798.01    3.64344
     6799.00    3.68286
     6799.99    3.59171
     6800.99    3.63492
     6801.98    3.72470
     6802.97    3.55268
     6803.96    3.63455
     6804.96    3.71841
     6805.95    3.71554
